time	mcs	nss	bw	rssi	throughput_monitor	datarate	pktlost_ack	nbpkt_monitor	retry	nbpkt_ack	pktlost_seq_initial	pktlost_seq_new	bad_fcs	distance	antenna	LoS
8.101656	7.0	3.0	80.0	-54.8085	730504.0	975.0	0.0	47.0	5.0	42.0	2.0	3348.0	0.0	10	vertical	1
8.202586	7.0	3.0	80.0	-54.7273	688791.0	975.0	0.0	44.0	2.0	44.0	2.0	0.0	0.0	10	vertical	1
8.302880	7.0	3.0	80.0	-54.7955	693167.0	975.0	0.0	44.0	2.0	44.0	0.0	0.0	0.0	10	vertical	1
8.404652	7.0	3.0	80.0	-54.7826	714142.0	975.0	0.0	46.0	5.0	43.0	4.0	0.0	0.0	10	vertical	1
8.504754	7.0	3.0	80.0	-54.6591	694490.0	975.0	0.0	44.0	3.0	43.0	2.0	0.0	0.0	10	vertical	1
8.606759	7.0	3.0	80.0	-54.7391	712518.0	975.0	0.0	46.0	4.0	44.0	2.0	0.0	0.0	10	vertical	1
8.708741	7.0	3.0	80.0	-54.5652	712673.0	975.0	0.0	46.0	3.0	44.0	1.0	0.0	0.0	10	vertical	1
8.809658	7.0	3.0	80.0	-54.6304	720194.0	975.0	0.0	46.0	5.0	44.0	2.0	0.0	0.0	10	vertical	1
8.909726	6.02128	3.0	80.0	-53.6383	742097.0	879.574	0.0	47.0	4.0	43.0	0.0	0.0	0.0	10	vertical	1
9.010876	6.43478	2.97826	80.0	-54.3478	718535.0	913.283	0.0	46.0	5.0	43.0	1.0	0.0	0.0	10	vertical	1
9.111777	7.0	3.0	80.0	-54.7826	720313.0	975.0	0.0	46.0	2.0	44.0	1.0	0.0	0.0	10	vertical	1
9.213703	7.0	3.0	80.0	-54.8	697561.0	975.0	0.0	45.0	4.0	44.0	3.0	0.0	0.0	10	vertical	1
9.314815	7.0	3.0	80.0	-54.7234	734437.0	975.0	0.0	47.0	5.0	44.0	2.0	0.0	0.0	10	vertical	1
9.416545	7.0	3.0	80.0	-54.8936	729970.0	975.0	0.0	47.0	4.0	44.0	1.0	0.0	0.0	10	vertical	1
9.516840	7.0	3.0	80.0	-54.7174	724660.0	975.0	0.0	46.0	5.0	43.0	2.0	0.0	0.0	10	vertical	1
9.618675	7.0	3.0	80.0	-54.8478	713704.0	975.0	0.0	46.0	4.0	44.0	2.0	0.0	0.0	10	vertical	1
9.718683	7.0	3.0	80.0	-54.6744	679349.0	975.0	7.0	43.0	2.0	43.0	2.0	0.0	0.0	10	vertical	1
9.820697	7.0	3.0	80.0	-54.9348	712447.0	975.0	0.0	46.0	5.0	44.0	3.0	0.0	0.0	10	vertical	1
9.922661	7.0	3.0	80.0	-54.6279	666312.0	975.0	0.0	43.0	2.0	43.0	3.0	0.0	0.0	10	vertical	1
10.023599	7.0	3.0	80.0	-54.8222	704396.0	975.0	0.0	45.0	2.0	44.0	1.0	0.0	0.0	10	vertical	1
10.125174	7.0	3.0	80.0	-54.7556	699974.0	975.0	0.0	45.0	4.0	43.0	2.0	0.0	0.0	10	vertical	1
10.225718	7.0	3.0	80.0	-54.7045	691440.0	975.0	0.0	44.0	3.0	44.0	2.0	0.0	0.0	10	vertical	1
10.325918	7.0	3.0	80.0	-54.6364	693811.0	975.0	0.0	44.0	1.0	43.0	0.0	0.0	0.0	10	vertical	1
10.427661	7.0	3.0	80.0	-54.6222	698820.0	975.0	0.0	45.0	3.0	44.0	2.0	0.0	0.0	10	vertical	1
10.528637	7.0	3.0	80.0	-54.7333	704128.0	975.0	0.0	45.0	2.0	44.0	1.0	0.0	0.0	10	vertical	1
10.630612	7.0	3.0	80.0	-54.7556	697228.0	975.0	0.0	45.0	2.0	44.0	1.0	0.0	0.0	10	vertical	1
10.730633	7.0	3.0	80.0	-54.8372	679256.0	975.0	0.0	43.0	1.0	43.0	1.0	0.0	0.0	10	vertical	1
10.830851	7.0	3.0	80.0	-54.7907	677924.0	975.0	0.0	43.0	1.0	43.0	1.0	0.0	0.0	10	vertical	1
10.932700	7.0	3.0	80.0	-54.7727	682578.0	975.0	0.0	44.0	1.0	44.0	1.0	0.0	0.0	10	vertical	1
11.035632	7.0	3.0	80.0	-54.6596	721452.0	975.0	0.0	47.0	4.0	44.0	1.0	0.0	0.0	10	vertical	1
11.136749	7.0	3.0	80.0	-54.6744	671889.0	975.0	0.0	43.0	1.0	44.0	2.0	0.0	0.0	10	vertical	1
11.237903	7.0	3.0	80.0	-54.878	640414.0	975.0	0.0	41.0	1.0	44.0	3.0	0.0	0.0	10	vertical	1
11.339708	7.0	3.0	80.0	-54.7442	667354.0	975.0	0.0	43.0	2.0	44.0	3.0	0.0	0.0	10	vertical	1
11.441584	7.0	3.0	80.0	-54.4681	728923.0	975.0	0.0	47.0	7.0	44.0	4.0	0.0	0.0	10	vertical	1
11.541733	7.0	3.0	80.0	-54.8409	694166.0	975.0	10.0	44.0	1.0	43.0	0.0	0.0	0.0	10	vertical	1
11.641840	7.0	3.0	80.0	-54.7143	662895.0	975.0	0.0	42.0	2.0	43.0	3.0	0.0	0.0	10	vertical	1
11.743601	7.0	3.0	80.0	-54.6383	729749.0	975.0	0.0	47.0	4.0	44.0	1.0	0.0	0.0	10	vertical	1
11.844737	7.0	3.0	80.0	-54.8372	671766.0	975.0	0.0	43.0	1.0	43.0	2.0	0.0	0.0	10	vertical	1
11.944806	7.0	3.0	80.0	-54.6905	663141.0	975.0	0.0	42.0	3.0	44.0	4.0	0.0	0.0	10	vertical	1
12.046724	7.0	3.0	80.0	-54.5106	728630.0	975.0	0.0	47.0	5.0	44.0	2.0	0.0	0.0	10	vertical	1
12.146809	7.0	3.0	80.0	-54.8085	728159.0	975.0	0.0	47.0	4.0	44.0	0.0	0.0	0.0	10	vertical	1
12.248748	7.0	3.0	80.0	-54.6087	712975.0	975.0	0.0	46.0	4.0	45.0	1.0	0.0	0.0	10	vertical	1
12.350613	7.0	3.0	80.0	-54.4889	697985.0	975.0	0.0	45.0	3.0	43.0	3.0	0.0	0.0	10	vertical	1
12.451601	7.0	3.0	80.0	-54.4667	704042.0	975.0	0.0	45.0	3.0	44.0	2.0	0.0	0.0	10	vertical	1
12.551667	7.0	3.0	80.0	-54.7273	694741.0	975.0	0.0	44.0	1.0	43.0	0.0	0.0	0.0	10	vertical	1
12.653608	7.0	3.0	80.0	-54.8636	681962.0	975.0	0.0	44.0	2.0	44.0	2.0	0.0	0.0	10	vertical	1
12.753755	7.0	3.0	80.0	-54.7391	725735.0	975.0	0.0	46.0	4.0	43.0	1.0	0.0	0.0	10	vertical	1
12.855777	7.0	3.0	80.0	-54.3478	712396.0	975.0	0.0	46.0	2.0	44.0	0.0	0.0	0.0	10	vertical	1
12.957614	7.0	3.0	80.0	-54.7907	667144.0	975.0	0.0	43.0	1.0	44.0	2.0	0.0	0.0	10	vertical	1
13.058653	7.0	3.0	80.0	-54.6744	672415.0	975.0	0.0	43.0	1.0	44.0	2.0	0.0	0.0	10	vertical	1
13.158669	7.0	3.0	80.0	-54.5476	663494.0	975.0	0.0	42.0	0.0	43.0	1.0	0.0	0.0	10	vertical	1
13.258724	7.0	3.0	80.0	-54.5227	694817.0	975.0	0.0	44.0	2.0	43.0	1.0	0.0	0.0	10	vertical	1
13.360691	7.0	3.0	80.0	-54.4318	681791.0	975.0	0.0	44.0	2.0	44.0	1.0	0.0	0.0	10	vertical	1
13.461727	7.0	3.0	80.0	-54.6304	719347.0	975.0	0.0	46.0	2.0	43.0	0.0	0.0	0.0	10	vertical	1
13.561898	7.0	3.0	80.0	-54.6512	678235.0	975.0	0.0	43.0	1.0	44.0	1.0	0.0	0.0	10	vertical	1
13.663568	7.0	3.0	80.0	-54.7234	730405.0	975.0	0.0	47.0	5.0	44.0	2.0	0.0	0.0	10	vertical	1
13.763617	7.0	3.0	80.0	-54.75	694857.0	975.0	0.0	44.0	1.0	43.0	0.0	0.0	0.0	10	vertical	1
13.865681	7.0	3.0	80.0	-54.7083	743066.0	975.0	0.0	48.0	5.0	44.0	1.0	0.0	0.0	10	vertical	1
13.967746	7.0	3.0	80.0	-54.6444	696619.0	975.0	0.0	45.0	3.0	44.0	2.0	0.0	0.0	10	vertical	1
14.069773	7.0	3.0	80.0	-54.5833	743329.0	975.0	0.0	48.0	5.0	44.0	1.0	0.0	0.0	10	vertical	1
14.171788	7.0	3.0	80.0	-54.5333	696954.0	975.0	0.0	45.0	3.0	44.0	1.0	0.0	0.0	10	vertical	1
14.272637	7.0	3.0	80.0	-54.8182	689348.0	975.0	0.0	44.0	1.0	44.0	1.0	0.0	0.0	10	vertical	1
14.372679	5.47826	2.97826	80.0	-53.0217	726499.0	820.022	0.0	46.0	5.0	43.0	1.0	0.0	0.0	10	vertical	1
14.474627	5.63636	3.0	80.0	-53.4773	681913.0	842.045	0.0	44.0	0.0	44.0	0.0	0.0	0.0	10	vertical	1
14.574722	7.0	3.0	80.0	-54.619	662976.0	975.0	0.0	42.0	2.0	43.0	3.0	0.0	0.0	10	vertical	1
14.676594	7.0	3.0	80.0	-54.5745	728949.0	975.0	0.0	47.0	5.0	44.0	2.0	0.0	0.0	10	vertical	1
14.777718	7.0	3.0	80.0	-54.4783	718720.0	975.0	0.0	46.0	2.0	44.0	0.0	0.0	0.0	10	vertical	1
14.879636	7.0	3.0	80.0	-54.7727	682123.0	975.0	0.0	44.0	3.0	44.0	3.0	0.0	0.0	10	vertical	1
14.979666	7.0	3.0	80.0	-54.6667	710785.0	975.0	0.0	45.0	3.0	44.0	1.0	0.0	0.0	10	vertical	1
15.079760	7.0	3.0	80.0	-54.6047	678764.0	975.0	0.0	43.0	0.0	42.0	0.0	0.0	0.0	10	vertical	1
15.181783	7.0	3.0	80.0	-54.7333	696900.0	975.0	0.0	45.0	2.0	44.0	1.0	0.0	0.0	10	vertical	1
15.283707	7.0	3.0	80.0	-54.9048	651073.0	975.0	0.0	42.0	1.0	44.0	3.0	0.0	0.0	10	vertical	1
15.385797	7.0	3.0	80.0	-54.7556	696442.0	975.0	0.0	45.0	4.0	44.0	2.0	0.0	0.0	10	vertical	1
15.486648	7.0	3.0	80.0	-54.4222	704999.0	975.0	0.0	45.0	2.0	44.0	1.0	0.0	0.0	10	vertical	1
15.586746	7.0	3.0	80.0	-54.6136	694519.0	975.0	1.0	44.0	4.0	43.0	3.0	0.0	0.0	10	vertical	1
15.688571	7.0	3.0	80.0	-54.7442	667228.0	975.0	0.0	43.0	0.0	44.0	3.0	0.0	0.0	10	vertical	1
15.788775	7.0	3.0	80.0	-54.6591	693780.0	975.0	0.0	44.0	2.0	43.0	1.0	0.0	0.0	10	vertical	1
15.890668	7.0	3.0	80.0	-54.8222	697793.0	975.0	0.0	45.0	4.0	44.0	3.0	0.0	0.0	10	vertical	1
15.992762	7.0	3.0	80.0	-54.7391	711892.0	975.0	0.0	46.0	3.0	44.0	1.0	0.0	0.0	10	vertical	1
16.093601	7.0	3.0	80.0	-54.7609	720752.0	975.0	0.0	46.0	4.0	44.0	2.0	0.0	0.0	10	vertical	1
16.193940	7.0	3.0	80.0	-54.5111	708601.0	975.0	0.0	45.0	4.0	43.0	2.0	0.0	0.0	10	vertical	1
16.295540	7.0	3.0	80.0	-54.6889	699803.0	975.0	0.0	45.0	1.0	44.0	0.0	0.0	0.0	10	vertical	1
16.395800	7.0	3.0	80.0	-54.5122	646120.0	975.0	31.0	41.0	1.0	43.0	3.0	0.0	0.0	10	vertical	1
16.497890	7.0	3.0	80.0	-54.8837	665491.0	975.0	0.0	43.0	1.0	44.0	2.0	0.0	0.0	10	vertical	1
16.599755	7.0	3.0	80.0	-54.5778	697977.0	975.0	0.0	45.0	2.0	44.0	1.0	0.0	0.0	10	vertical	1
16.700557	7.0	3.0	80.0	-54.7174	721020.0	975.0	0.0	46.0	4.0	44.0	2.0	0.0	0.0	10	vertical	1
16.800576	7.0	3.0	80.0	-54.5	695065.0	975.0	0.0	44.0	3.0	43.0	2.0	0.0	0.0	10	vertical	1
16.902045	7.0	3.0	80.0	-54.5952	653999.0	975.0	0.0	42.0	0.0	43.0	1.0	0.0	0.0	10	vertical	1
17.002760	7.0	3.0	80.0	-54.6744	674573.0	975.0	0.0	43.0	3.0	44.0	4.0	0.0	0.0	10	vertical	1
17.104775	7.0	3.0	80.0	-54.617	727930.0	975.0	0.0	47.0	4.0	44.0	1.0	0.0	0.0	10	vertical	1
17.206620	7.0	3.0	80.0	-54.75	682607.0	975.0	0.0	44.0	1.0	44.0	1.0	0.0	0.0	10	vertical	1
17.307583	7.0	3.0	80.0	-54.8864	688574.0	975.0	0.0	44.0	2.0	44.0	2.0	0.0	0.0	10	vertical	1
17.407589	7.0	3.0	80.0	-54.7273	695152.0	975.0	0.0	44.0	2.0	44.0	1.0	0.0	0.0	10	vertical	1
17.507682	5.35556	3.0	80.0	-52.9778	710345.0	814.667	0.0	45.0	3.0	42.0	1.0	0.0	0.0	10	vertical	1
17.609644	5.68182	3.0	80.0	-53.4318	681821.0	846.477	0.0	44.0	1.0	44.0	1.0	0.0	0.0	10	vertical	1
17.711768	7.0	3.0	80.0	-54.7442	665270.0	975.0	0.0	43.0	3.0	44.0	4.0	0.0	0.0	10	vertical	1
17.813611	7.0	3.0	80.0	-54.7674	667107.0	975.0	0.0	43.0	1.0	44.0	2.0	0.0	0.0	10	vertical	1
17.914749	7.0	3.0	80.0	-54.575	624887.0	975.0	0.0	40.0	0.0	44.0	4.0	0.0	0.0	10	vertical	1
18.016604	7.0	3.0	80.0	-54.9091	682539.0	975.0	0.0	44.0	2.0	44.0	2.0	0.0	0.0	10	vertical	1
18.116795	7.0	3.0	80.0	-54.5652	725414.0	975.0	0.0	46.0	5.0	43.0	2.0	0.0	0.0	10	vertical	1
18.218623	7.0	3.0	80.0	-54.6744	667205.0	975.0	0.0	43.0	1.0	44.0	1.0	0.0	0.0	10	vertical	1
18.320700	7.0	3.0	80.0	-54.4889	696529.0	975.0	0.0	45.0	2.0	44.0	1.0	0.0	0.0	10	vertical	1
18.422616	7.0	3.0	80.0	-54.8409	682132.0	975.0	0.0	44.0	2.0	44.0	2.0	0.0	0.0	10	vertical	1
18.524679	7.0	3.0	80.0	-54.75	743074.0	975.0	0.0	48.0	5.0	44.0	1.0	0.0	0.0	10	vertical	1
18.626723	7.0	3.0	80.0	-54.4468	727725.0	975.0	0.0	47.0	5.0	44.0	2.0	0.0	0.0	10	vertical	1
18.728602	7.0	3.0	80.0	-54.6	697883.0	975.0	0.0	45.0	4.0	44.0	2.0	0.0	0.0	10	vertical	1
18.830752	7.0	3.0	80.0	-54.6889	696038.0	975.0	0.0	45.0	4.0	44.0	3.0	0.0	0.0	10	vertical	1
18.933234	7.0	3.0	80.0	-54.6383	724612.0	975.0	0.0	47.0	5.0	44.0	1.0	0.0	0.0	10	vertical	1
19.033879	7.0	3.0	80.0	-54.5652	722143.0	975.0	0.0	46.0	3.0	44.0	2.0	0.0	0.0	10	vertical	1
19.135661	7.0	3.0	80.0	-54.6591	683027.0	975.0	0.0	44.0	3.0	44.0	3.0	0.0	0.0	10	vertical	1
19.235738	7.0	3.0	80.0	-54.8163	773605.0	975.0	0.0	49.0	7.0	43.0	1.0	0.0	0.0	10	vertical	1
19.338628	7.0	3.0	80.0	-54.4318	675672.0	975.0	0.0	44.0	3.0	44.0	3.0	0.0	0.0	10	vertical	1
19.439798	7.0	3.0	80.0	-54.5714	765247.0	975.0	0.0	49.0	9.0	43.0	4.0	0.0	0.0	10	vertical	1
19.539826	7.0	3.0	80.0	-54.3617	742393.0	975.0	0.0	47.0	5.0	43.0	1.0	0.0	0.0	10	vertical	1
19.640746	7.0	3.0	80.0	-54.4348	720173.0	975.0	0.0	46.0	3.0	44.0	1.0	0.0	0.0	10	vertical	1
19.742686	7.0	3.0	80.0	-54.6818	681970.0	975.0	0.0	44.0	2.0	44.0	2.0	0.0	0.0	10	vertical	1
19.842714	7.0	3.0	80.0	-54.7045	695006.0	975.0	0.0	44.0	2.0	44.0	1.0	0.0	0.0	10	vertical	1
19.944585	7.0	3.0	80.0	-54.4783	713453.0	975.0	0.0	46.0	4.0	43.0	2.0	0.0	0.0	10	vertical	1
20.044700	7.0	3.0	80.0	-54.6522	725964.0	975.0	0.0	46.0	4.0	43.0	1.0	0.0	0.0	10	vertical	1
20.146723	7.0	3.0	80.0	-54.5333	696904.0	975.0	0.0	45.0	1.0	44.0	0.0	0.0	0.0	10	vertical	1
20.247634	7.0	3.0	80.0	-54.5217	720236.0	975.0	0.0	46.0	4.0	44.0	2.0	0.0	0.0	10	vertical	1
20.347723	7.0	3.0	80.0	-54.7674	678796.0	975.0	0.0	43.0	1.0	43.0	1.0	0.0	0.0	10	vertical	1
20.447812	7.0	3.0	80.0	-54.6667	663010.0	975.0	0.0	42.0	1.0	43.0	2.0	0.0	0.0	10	vertical	1
20.549949	7.0	3.0	80.0	-54.6042	742535.0	975.0	0.0	48.0	5.0	44.0	1.0	0.0	0.0	10	vertical	1
20.651781	7.0	3.0	80.0	-54.4545	682691.0	975.0	0.0	44.0	3.0	44.0	3.0	0.0	0.0	10	vertical	1
20.753875	7.0	3.0	80.0	-54.5682	680942.0	975.0	0.0	44.0	0.0	44.0	0.0	0.0	0.0	10	vertical	1
20.854685	7.0	3.0	80.0	-54.6098	642593.0	975.0	0.0	41.0	1.0	44.0	4.0	0.0	0.0	10	vertical	1
20.954787	7.0	3.0	80.0	-54.5227	694491.0	975.0	0.0	44.0	4.0	43.0	2.0	0.0	0.0	10	vertical	1
21.055042	7.0	3.0	80.0	-54.4773	693433.0	975.0	0.0	44.0	4.0	43.0	3.0	0.0	0.0	10	vertical	1
21.156572	7.0	3.0	80.0	-54.6977	669165.0	975.0	0.0	43.0	2.0	44.0	3.0	0.0	0.0	10	vertical	1
21.258676	7.0	3.0	80.0	-54.5	742766.0	975.0	0.0	48.0	5.0	44.0	1.0	0.0	0.0	10	vertical	1
21.360724	7.0	3.0	80.0	-54.5814	665765.0	975.0	0.0	43.0	1.0	44.0	2.0	0.0	0.0	10	vertical	1
21.461662	7.0	3.0	80.0	-54.6744	673088.0	975.0	0.0	43.0	1.0	44.0	2.0	0.0	0.0	10	vertical	1
21.563653	7.0	3.0	80.0	-54.5	712611.0	975.0	0.0	46.0	3.0	44.0	1.0	0.0	0.0	10	vertical	1
21.663769	7.0	3.0	80.0	-54.5227	694394.0	975.0	0.0	44.0	2.0	43.0	1.0	0.0	0.0	10	vertical	1
21.765877	7.0	3.0	80.0	-54.5217	711795.0	975.0	0.0	46.0	3.0	44.0	1.0	0.0	0.0	10	vertical	1
21.867623	7.0	3.0	80.0	-54.6047	667743.0	975.0	0.0	43.0	3.0	44.0	4.0	0.0	0.0	10	vertical	1
21.967751	7.0	3.0	80.0	-54.5652	725871.0	975.0	0.0	46.0	4.0	43.0	1.0	0.0	0.0	10	vertical	1
22.069713	7.0	3.0	80.0	-54.587	712817.0	975.0	0.0	46.0	4.0	44.0	2.0	0.0	0.0	10	vertical	1
22.170673	7.0	3.0	80.0	-54.7381	657289.0	975.0	0.0	42.0	1.0	44.0	3.0	0.0	0.0	10	vertical	1
22.270681	7.0	3.0	80.0	-54.4545	695140.0	975.0	0.0	44.0	1.0	44.0	0.0	0.0	0.0	10	vertical	1
22.370858	7.0	3.0	80.0	-54.4	709746.0	975.0	0.0	45.0	4.0	42.0	2.0	0.0	0.0	10	vertical	1
22.472677	6.31915	3.0	80.0	-53.9362	729333.0	908.617	0.0	47.0	4.0	44.0	1.0	0.0	0.0	10	vertical	1
22.574778	5.08889	2.97778	80.0	-52.5778	696368.0	781.911	0.0	45.0	1.0	44.0	0.0	0.0	0.0	10	vertical	1
22.676596	6.04545	3.0	80.0	-53.6136	682787.0	881.932	0.0	44.0	2.0	44.0	2.0	0.0	0.0	10	vertical	1
22.777952	7.0	3.0	80.0	-54.5106	732670.0	975.0	0.0	47.0	3.0	44.0	0.0	0.0	0.0	10	vertical	1
22.877960	7.0	3.0	80.0	-54.5116	679342.0	975.0	0.0	43.0	3.0	44.0	2.0	0.0	0.0	10	vertical	1
22.979630	7.0	3.0	80.0	-54.6087	714861.0	975.0	0.0	46.0	3.0	43.0	1.0	0.0	0.0	10	vertical	1
23.079717	7.0	3.0	80.0	-54.5532	741958.0	975.0	0.0	47.0	4.0	44.0	0.0	0.0	0.0	10	vertical	1
23.181672	7.0	3.0	80.0	-54.7778	697366.0	975.0	0.0	45.0	2.0	43.0	1.0	0.0	0.0	10	vertical	1
23.283901	7.0	3.0	80.0	-54.5745	726407.0	975.0	0.0	47.0	4.0	44.0	1.0	0.0	0.0	10	vertical	1
23.384815	7.0	3.0	80.0	-54.5238	657590.0	975.0	0.0	42.0	1.0	44.0	3.0	0.0	0.0	10	vertical	1
23.486685	7.0	3.0	80.0	-54.5652	713460.0	975.0	0.0	46.0	4.0	44.0	1.0	0.0	0.0	10	vertical	1
23.586936	7.0	3.0	80.0	-54.625	756497.0	975.0	0.0	48.0	6.0	43.0	1.0	0.0	0.0	10	vertical	1
23.688514	7.0	3.0	80.0	-54.5556	699957.0	975.0	0.0	45.0	2.0	44.0	1.0	0.0	0.0	10	vertical	1
23.788745	7.0	3.0	80.0	-54.5745	740886.0	975.0	0.0	47.0	6.0	43.0	2.0	0.0	0.0	10	vertical	1
23.889612	7.0	3.0	80.0	-54.6889	704893.0	975.0	0.0	45.0	2.0	44.0	1.0	0.0	0.0	10	vertical	1
23.989626	7.0	3.0	80.0	-54.5349	679301.0	975.0	0.0	43.0	1.0	43.0	1.0	0.0	0.0	10	vertical	1
24.089662	7.0	3.0	80.0	-54.9535	679158.0	975.0	0.0	43.0	1.0	43.0	1.0	0.0	0.0	10	vertical	1
24.191636	7.0	3.0	80.0	-54.3846	805696.0	975.0	0.0	52.0	9.0	44.0	1.0	0.0	0.0	10	vertical	1
24.293943	7.0	3.0	80.0	-54.6444	694963.0	975.0	0.0	45.0	2.0	44.0	1.0	0.0	0.0	10	vertical	1
24.395640	7.0	3.0	80.0	-54.7447	730210.0	975.0	0.0	47.0	5.0	44.0	2.0	0.0	0.0	10	vertical	1
24.497908	7.0	3.0	80.0	-54.6739	710680.0	975.0	0.0	46.0	4.0	44.0	2.0	0.0	0.0	10	vertical	1
24.598644	7.0	3.0	80.0	-54.6222	705807.0	975.0	0.0	45.0	1.0	44.0	0.0	0.0	0.0	10	vertical	1
24.698673	7.0	3.0	80.0	-54.587	726587.0	975.0	0.0	46.0	5.0	43.0	2.0	0.0	0.0	10	vertical	1
24.800617	7.0	3.0	80.0	-54.75	681949.0	975.0	0.0	44.0	3.0	44.0	2.0	0.0	0.0	10	vertical	1
24.900701	7.0	3.0	80.0	-54.6	710400.0	975.0	0.0	45.0	3.0	43.0	1.0	0.0	0.0	10	vertical	1
25.002622	7.0	3.0	80.0	-54.5435	713100.0	975.0	0.0	46.0	3.0	44.0	1.0	0.0	0.0	10	vertical	1
25.104729	7.0	3.0	80.0	-54.9091	680858.0	975.0	0.0	44.0	2.0	44.0	2.0	0.0	0.0	10	vertical	1
25.205602	7.0	3.0	80.0	-54.5333	704846.0	975.0	0.0	45.0	1.0	44.0	0.0	0.0	0.0	10	vertical	1
25.305625	7.0	3.0	80.0	-54.9302	679239.0	975.0	0.0	43.0	1.0	43.0	1.0	0.0	0.0	10	vertical	1
25.405667	7.0	3.0	80.0	-54.8049	647532.0	975.0	0.0	41.0	2.0	43.0	4.0	0.0	0.0	10	vertical	1
25.507678	7.0	3.0	80.0	-54.7273	681496.0	975.0	0.0	44.0	2.0	44.0	2.0	0.0	0.0	10	vertical	1
25.609633	7.0	3.0	80.0	-54.5455	681868.0	975.0	0.0	44.0	1.0	44.0	1.0	0.0	0.0	10	vertical	1
25.711620	7.0	3.0	80.0	-54.8667	697146.0	975.0	0.0	45.0	3.0	44.0	2.0	0.0	0.0	10	vertical	1
25.812752	7.0	3.0	80.0	-54.7727	687419.0	975.0	0.0	44.0	0.0	44.0	0.0	0.0	0.0	10	vertical	1
25.912806	7.0	3.0	80.0	-54.7045	694828.0	975.0	0.0	44.0	3.0	43.0	2.0	0.0	0.0	10	vertical	1
26.014682	6.46939	3.0	80.0	-54.2653	759942.0	923.265	0.0	49.0	7.0	44.0	2.0	0.0	0.0	10	vertical	1
26.114714	5.09302	2.97674	80.0	-52.7907	679184.0	782.0	0.0	43.0	0.0	44.0	0.0	0.0	0.0	10	vertical	1
26.216853	5.90909	3.0	80.0	-53.5	680635.0	868.636	0.0	44.0	1.0	43.0	0.0	0.0	0.0	10	vertical	1
26.318611	7.0	3.0	80.0	-54.6739	714249.0	975.0	0.0	46.0	2.0	44.0	1.0	0.0	0.0	10	vertical	1
26.419754	7.0	3.0	80.0	-54.4894	734202.0	975.0	0.0	47.0	6.0	44.0	3.0	0.0	0.0	10	vertical	1
26.521632	7.0	3.0	80.0	-54.5814	666878.0	975.0	0.0	43.0	1.0	44.0	2.0	0.0	0.0	10	vertical	1
26.621916	7.0	3.0	80.0	-54.6739	724742.0	975.0	0.0	46.0	4.0	43.0	1.0	0.0	0.0	10	vertical	1
26.723611	7.0	3.0	80.0	-54.587	714688.0	975.0	0.0	46.0	4.0	44.0	2.0	0.0	0.0	10	vertical	1
26.823820	7.0	3.0	80.0	-54.6957	725284.0	975.0	0.0	46.0	4.0	43.0	1.0	0.0	0.0	10	vertical	1
26.925647	7.0	3.0	80.0	-54.617	729275.0	975.0	0.0	47.0	5.0	44.0	2.0	0.0	0.0	10	vertical	1
27.026719	7.0	3.0	80.0	-54.6875	750357.0	975.0	0.0	48.0	6.0	44.0	2.0	0.0	0.0	10	vertical	1
27.128546	7.0	3.0	80.0	-54.4889	698239.0	975.0	0.0	45.0	2.0	44.0	1.0	0.0	0.0	10	vertical	1
27.228568	7.0	3.0	80.0	-54.7447	742437.0	975.0	0.0	47.0	4.0	44.0	0.0	0.0	0.0	10	vertical	1
27.328646	7.0	3.0	80.0	-54.6512	678873.0	975.0	0.0	43.0	4.0	42.0	4.0	0.0	0.0	10	vertical	1
27.430593	7.0	3.0	80.0	-54.7609	712922.0	975.0	0.0	46.0	3.0	44.0	1.0	0.0	0.0	10	vertical	1
27.532657	7.0	3.0	80.0	-54.3778	696620.0	975.0	0.0	45.0	3.0	44.0	2.0	0.0	0.0	10	vertical	1
27.633817	7.0	3.0	80.0	-54.9091	687226.0	975.0	0.0	44.0	2.0	44.0	2.0	0.0	0.0	10	vertical	1
27.735666	5.68	3.0	80.0	-53.22	775663.0	846.3	0.0	50.0	6.0	44.0	0.0	0.0	0.0	10	vertical	1
27.835724	6.55556	3.0	80.0	-54.1556	710462.0	931.667	0.0	45.0	3.0	43.0	1.0	0.0	0.0	10	vertical	1
27.937686	7.0	3.0	80.0	-54.6739	712815.0	975.0	0.0	46.0	3.0	44.0	1.0	0.0	0.0	10	vertical	1
28.039697	7.0	3.0	80.0	-54.6	696987.0	975.0	0.0	45.0	3.0	44.0	2.0	0.0	0.0	10	vertical	1
28.139698	7.0	3.0	80.0	-54.8372	679395.0	975.0	0.0	43.0	3.0	43.0	2.0	0.0	0.0	10	vertical	1
28.240683	7.0	3.0	80.0	-54.8636	688419.0	975.0	0.0	44.0	0.0	44.0	0.0	0.0	0.0	10	vertical	1
28.340814	7.0	3.0	80.0	-54.7333	710070.0	975.0	0.0	45.0	4.0	43.0	2.0	0.0	0.0	10	vertical	1
28.442618	7.0	3.0	80.0	-54.4	698396.0	975.0	0.0	45.0	3.0	44.0	2.0	0.0	0.0	10	vertical	1
28.542697	7.0	3.0	80.0	-54.75	694653.0	975.0	0.0	44.0	2.0	43.0	1.0	0.0	0.0	10	vertical	1
28.644707	7.0	3.0	80.0	-54.5556	696991.0	975.0	0.0	45.0	4.0	44.0	3.0	0.0	0.0	10	vertical	1
28.746781	7.0	3.0	80.0	-54.6667	650120.0	975.0	0.0	42.0	0.0	44.0	2.0	1.0	0.0	10	vertical	1
28.847574	7.0	3.0	80.0	-54.6818	689730.0	975.0	0.0	44.0	1.0	44.0	1.0	0.0	0.0	10	vertical	1
28.947577	7.0	3.0	80.0	-54.4565	726777.0	975.0	0.0	46.0	6.0	43.0	3.0	0.0	0.0	10	vertical	1
29.047646	7.0	3.0	80.0	-54.6383	742084.0	975.0	0.0	47.0	6.0	42.0	2.0	0.0	0.0	10	vertical	1
29.149883	7.0	3.0	80.0	-54.5778	695443.0	975.0	0.0	45.0	2.0	44.0	1.0	0.0	0.0	10	vertical	1
29.251549	7.0	3.0	80.0	-54.75	745975.0	975.0	0.0	48.0	5.0	44.0	1.0	0.0	0.0	10	vertical	1
29.354093	7.0	3.0	80.0	-54.6279	662545.0	975.0	0.0	43.0	1.0	44.0	2.0	0.0	0.0	10	vertical	1
29.454604	7.0	3.0	80.0	-54.8696	723100.0	975.0	0.0	46.0	3.0	44.0	1.0	0.0	0.0	10	vertical	1
29.554675	7.0	3.0	80.0	-54.6047	678921.0	975.0	0.0	43.0	3.0	43.0	3.0	0.0	0.0	10	vertical	1
29.654755	7.0	3.0	80.0	-54.5652	726218.0	975.0	0.0	46.0	6.0	42.0	3.0	0.0	0.0	10	vertical	1
29.757185	7.0	3.0	80.0	-54.5581	663281.0	975.0	0.0	43.0	2.0	45.0	3.0	0.0	0.0	10	vertical	1
29.857693	7.0	3.0	80.0	-54.5106	738845.0	975.0	0.0	47.0	4.0	44.0	1.0	0.0	0.0	10	vertical	1
29.960604	7.0	3.0	80.0	-54.5714	644833.0	975.0	0.0	42.0	1.0	44.0	3.0	0.0	0.0	10	vertical	1
30.061948	7.0	3.0	80.0	-54.6809	732750.0	975.0	0.0	47.0	5.0	44.0	1.0	0.0	0.0	10	vertical	1
30.163580	7.0	3.0	80.0	-54.6889	699581.0	975.0	0.0	45.0	1.0	44.0	1.0	0.0	0.0	10	vertical	1
30.263746	7.0	3.0	80.0	-54.4444	709823.0	975.0	0.0	45.0	3.0	43.0	1.0	0.0	0.0	10	vertical	1
30.363839	7.0	3.0	80.0	-54.9762	662985.0	975.0	0.0	42.0	1.0	43.0	1.0	0.0	0.0	10	vertical	1
30.465867	7.0	3.0	80.0	-54.5227	681378.0	975.0	0.0	44.0	1.0	44.0	2.0	0.0	0.0	10	vertical	1
30.566806	7.0	3.0	80.0	-54.7111	704389.0	975.0	0.0	45.0	3.0	44.0	2.0	0.0	0.0	10	vertical	1
30.668680	7.0	3.0	80.0	-54.7609	713428.0	975.0	0.0	46.0	3.0	44.0	1.0	0.0	0.0	10	vertical	1
30.768928	7.0	3.0	80.0	-54.6364	693479.0	975.0	0.0	44.0	1.0	43.0	0.0	0.0	0.0	10	vertical	1
30.870625	7.0	3.0	80.0	-54.5625	745745.0	975.0	0.0	48.0	6.0	45.0	1.0	0.0	0.0	10	vertical	1
30.970666	7.0	3.0	80.0	-54.617	742296.0	975.0	0.0	47.0	6.0	43.0	3.0	0.0	0.0	10	vertical	1
31.072728	7.0	3.0	80.0	-54.7442	665674.0	975.0	0.0	43.0	0.0	43.0	1.0	0.0	0.0	10	vertical	1
31.174823	7.0	3.0	80.0	-54.7234	727364.0	975.0	0.0	47.0	4.0	44.0	1.0	0.0	0.0	10	vertical	1
31.275543	7.0	3.0	80.0	-54.85	627482.0	975.0	0.0	40.0	1.0	44.0	4.0	0.0	0.0	10	vertical	1
31.375778	7.0	3.0	80.0	-54.7111	709333.0	975.0	0.0	45.0	4.0	43.0	2.0	0.0	0.0	10	vertical	1
31.477772	5.875	3.0	80.0	-53.3542	743571.0	865.312	0.0	48.0	5.0	44.0	1.0	0.0	0.0	10	vertical	1
31.577823	5.04651	3.0	80.0	-52.3488	679054.0	784.535	0.0	43.0	0.0	43.0	0.0	0.0	0.0	10	vertical	1
31.679747	6.40909	3.0	80.0	-54.0227	682079.0	917.386	0.0	44.0	1.0	44.0	1.0	0.0	0.0	10	vertical	1
31.781838	7.0	3.0	80.0	-54.766	727390.0	975.0	0.0	47.0	4.0	44.0	1.0	0.0	0.0	10	vertical	1
31.882573	7.0	3.0	80.0	-54.6444	705812.0	975.0	0.0	45.0	2.0	44.0	1.0	0.0	0.0	10	vertical	1
31.982610	7.0	3.0	80.0	-54.6591	694939.0	975.0	0.0	44.0	3.0	44.0	2.0	0.0	0.0	10	vertical	1
32.082647	7.0	3.0	80.0	-54.7442	679151.0	975.0	0.0	43.0	1.0	43.0	1.0	0.0	0.0	10	vertical	1
32.184607	7.0	3.0	80.0	-54.6818	681834.0	975.0	0.0	44.0	3.0	44.0	2.0	0.0	0.0	10	vertical	1
32.285724	6.42857	3.0	80.0	-54.1837	765648.0	919.286	0.0	49.0	6.0	43.0	2.0	0.0	0.0	10	vertical	1
32.387713	5.0	3.0	80.0	-52.7442	680994.0	780.0	0.0	43.0	0.0	43.0	0.0	0.0	0.0	10	vertical	1
32.487814	5.97778	3.0	80.0	-53.6444	710288.0	875.333	0.0	45.0	4.0	43.0	1.0	0.0	0.0	10	vertical	1
32.589673	7.0	3.0	80.0	-54.8261	713536.0	975.0	0.0	46.0	3.0	44.0	2.0	0.0	0.0	10	vertical	1
32.689686	7.0	3.0	80.0	-54.6098	647712.0	975.0	0.0	41.0	1.0	44.0	3.0	0.0	0.0	10	vertical	1
32.791698	7.0	3.0	80.0	-54.6222	696975.0	975.0	0.0	45.0	2.0	43.0	1.0	0.0	0.0	10	vertical	1
32.893903	7.0	3.0	80.0	-54.7174	711123.0	975.0	0.0	46.0	3.0	44.0	1.0	0.0	0.0	10	vertical	1
32.995611	7.0	3.0	80.0	-55.0	699063.0	975.0	0.0	45.0	3.0	44.0	2.0	0.0	0.0	10	vertical	1
33.096562	7.0	3.0	80.0	-56.2955	688650.0	975.0	0.0	44.0	2.0	44.0	2.0	0.0	0.0	10	vertical	1
33.196613	6.8125	3.0	80.0	-56.375	505338.0	956.719	0.0	32.0	1.0	43.0	9.0	0.0	0.0	10	vertical	1
33.296616	5.37209	3.0	80.0	-54.6279	679384.0	816.279	0.0	43.0	0.0	44.0	0.0	0.0	0.0	10	vertical	1
33.398626	7.0	3.0	80.0	-56.0469	991269.0	975.0	0.0	64.0	21.0	43.0	1.0	0.0	0.0	10	vertical	1
33.500762	7.0	3.0	80.0	-57.1429	758011.0	975.0	0.0	49.0	8.0	44.0	3.0	0.0	0.0	10	vertical	1
33.602708	7.0	3.0	80.0	-56.902	790421.0	975.0	0.0	51.0	11.0	45.0	2.0	0.0	0.0	10	vertical	1
33.703513	7.0	3.0	80.0	-54.7143	329151.0	975.0	0.0	21.0	1.0	43.0	11.0	0.0	0.0	10	vertical	1
33.804484	7.0	3.0	80.0	-56.0952	657216.0	975.0	0.0	42.0	1.0	43.0	2.0	0.0	0.0	10	vertical	1
33.905623	7.0	3.0	80.0	-55.1569	796725.0	975.0	0.0	51.0	7.0	44.0	0.0	0.0	0.0	10	vertical	1
34.005641	7.0	3.0	80.0	-55.5366	647682.0	975.0	0.0	41.0	5.0	44.0	4.0	0.0	0.0	10	vertical	1
34.107638	7.0	3.0	80.0	-53.9333	232361.0	975.0	3.0	15.0	3.0	43.0	8.0	0.0	0.0	10	vertical	1
34.209834	7.0	3.0	80.0	-53.6667	92762.2	975.0	0.0	6.0	0.0	45.0	3.0	0.0	0.0	10	vertical	1
34.310642	7.0	3.0	80.0	-54.2	78366.9	975.0	0.0	5.0	0.0	44.0	4.0	0.0	0.0	10	vertical	1
34.410692	7.0	3.0	80.0	-53.9091	173714.0	975.0	0.0	11.0	1.0	43.0	6.0	0.0	0.0	10	vertical	1
34.510716	7.0	3.0	80.0	-55.0811	599598.0	975.0	0.0	37.0	0.0	42.0	4.0	0.0	0.0	10	vertical	1
34.612828	7.0	3.0	80.0	-54.5641	603450.0	975.0	0.0	39.0	1.0	43.0	5.0	0.0	0.0	10	vertical	1
34.713773	7.0	3.0	80.0	-54.1707	641737.0	975.0	0.0	41.0	0.0	44.0	2.0	0.0	0.0	10	vertical	1
34.813859	7.0	3.0	80.0	-54.2174	713480.0	975.0	0.0	46.0	3.0	44.0	1.0	0.0	0.0	10	vertical	1
34.915947	7.0	3.0	80.0	-54.6591	680982.0	975.0	0.0	44.0	3.0	45.0	0.0	0.0	0.0	10	vertical	1
35.017825	7.0	3.0	80.0	-54.9211	589332.0	975.0	0.0	38.0	2.0	43.0	2.0	0.0	0.0	10	vertical	1
35.119599	7.0	3.0	80.0	-54.9524	652032.0	975.0	0.0	42.0	1.0	44.0	2.0	0.0	0.0	10	vertical	1
35.219642	7.0	3.0	80.0	-54.1395	679105.0	975.0	0.0	43.0	1.0	44.0	1.0	0.0	0.0	10	vertical	1
35.321657	7.0	3.0	80.0	-54.5349	665984.0	975.0	0.0	43.0	1.0	43.0	2.0	0.0	0.0	10	vertical	1
35.423698	7.0	3.0	80.0	-55.087	712262.0	975.0	0.0	46.0	3.0	44.0	1.0	0.0	0.0	10	vertical	1
35.524509	7.0	3.0	80.0	-54.3	626914.0	975.0	0.0	40.0	0.0	44.0	4.0	0.0	0.0	10	vertical	1
35.624644	7.0	3.0	80.0	-54.0741	426027.0	975.0	0.0	27.0	0.0	43.0	9.0	0.0	0.0	10	vertical	1
35.725010	7.0	3.0	80.0	-54.2439	645436.0	975.0	0.0	41.0	7.0	43.0	5.0	0.0	0.0	10	vertical	1
35.826661	7.0	3.0	80.0	-54.4255	730537.0	975.0	0.0	47.0	3.0	44.0	1.0	0.0	0.0	10	vertical	1
35.928632	7.0	3.0	80.0	-54.2273	681766.0	975.0	0.0	44.0	1.0	44.0	1.0	0.0	0.0	10	vertical	1
36.030666	7.0	3.0	80.0	-54.1111	696823.0	975.0	0.0	45.0	4.0	44.0	2.0	0.0	0.0	10	vertical	1
36.131562	7.0	3.0	80.0	-54.2955	689030.0	975.0	0.0	44.0	2.0	44.0	2.0	0.0	0.0	10	vertical	1
36.231708	7.0	3.0	80.0	-53.6905	662627.0	975.0	0.0	42.0	1.0	43.0	2.0	0.0	0.0	10	vertical	1
36.331733	7.0	3.0	80.0	-53.9767	679230.0	975.0	0.0	43.0	2.0	44.0	2.0	0.0	0.0	10	vertical	1
36.433918	7.0	3.0	80.0	-54.4783	711263.0	975.0	0.0	46.0	2.0	43.0	0.0	0.0	0.0	10	vertical	1
36.535725	7.0	3.0	80.0	-54.4318	697733.0	975.0	0.0	44.0	2.0	43.0	1.0	0.0	0.0	10	vertical	1
36.636784	7.0	3.0	80.0	-54.7955	687916.0	975.0	0.0	44.0	1.0	44.0	1.0	0.0	0.0	10	vertical	1
36.738541	7.0	3.0	80.0	-54.8864	683194.0	975.0	0.0	44.0	0.0	44.0	0.0	0.0	0.0	10	vertical	1
36.838720	7.0	3.0	80.0	-54.3704	425838.0	975.0	0.0	27.0	2.0	44.0	9.0	0.0	0.0	10	vertical	1
36.940648	7.0	3.0	80.0	-54.8214	434033.0	975.0	0.0	28.0	2.0	43.0	7.0	0.0	0.0	10	vertical	1
37.040731	7.0	3.0	80.0	-54.4186	678834.0	975.0	0.0	43.0	1.0	43.0	1.0	0.0	0.0	10	vertical	1
37.142978	7.0	3.0	80.0	-54.8846	401775.0	975.0	0.0	26.0	1.0	45.0	9.0	0.0	0.0	10	vertical	1
37.244584							0.0	0.0	0.0	44.0	0.0	0.0	0.0	10	vertical	1
37.345714	7.0	3.0	80.0	-55.0	46870.2	975.0	0.0	3.0	2.0	44.0	1.0	73.0	0.0	10	vertical	1
37.447579	7.0	3.0	80.0	-55.3	155108.0	975.0	0.0	10.0	3.0	44.0	6.0	0.0	0.0	10	vertical	1
37.547726	7.0	3.0	80.0	-54.0	173544.0	975.0	0.0	11.0	0.0	43.0	10.0	4008.0	0.0	10	vertical	1
37.649633	7.0	3.0	80.0	-56.0	31008.7	975.0	0.0	2.0	0.0	44.0	2.0	0.0	0.0	10	vertical	1
37.749795							0.0	0.0	0.0	43.0	0.0	0.0	0.0	10	vertical	1
37.851660							0.0	0.0	0.0	44.0	0.0	0.0	0.0	10	vertical	1
37.952763	7.0	3.0	80.0	-55.0	46883.0	975.0	24.0	3.0	1.0	43.0	2.0	132.0	0.0	10	vertical	1
38.054643	7.0	3.0	80.0	-55.3571	434237.0	975.0	0.0	28.0	2.0	45.0	9.0	0.0	0.0	10	vertical	1
38.154783	5.9	3.0	80.0	-54.0	631112.0	867.75	0.0	40.0	3.0	42.0	5.0	0.0	0.0	10	vertical	1
38.256553	6.82609	3.0	80.0	-54.3478	714164.0	958.043	0.0	46.0	4.0	44.0	2.0	0.0	0.0	10	vertical	1
38.356735	7.0	3.0	80.0	-54.5349	678165.0	975.0	0.0	43.0	0.0	42.0	0.0	0.0	0.0	10	vertical	1
38.457669	7.0	3.0	80.0	-55.3421	594841.0	975.0	0.0	38.0	4.0	45.0	5.0	0.0	0.0	10	vertical	1
38.557674	7.0	3.0	80.0	-54.8293	647772.0	975.0	0.0	41.0	5.0	43.0	6.0	0.0	0.0	10	vertical	1
38.657839	7.0	3.0	80.0	-54.7297	583632.0	975.0	0.0	37.0	1.0	41.0	3.0	0.0	0.0	10	vertical	1
38.759790	7.0	3.0	80.0	-54.9535	666399.0	975.0	0.0	43.0	5.0	45.0	3.0	0.0	0.0	10	vertical	1
38.862309	7.0	3.0	80.0	-55.2	693530.0	975.0	0.0	45.0	3.0	44.0	2.0	0.0	0.0	10	vertical	1
38.963713	7.0	3.0	80.0	-54.5556	701155.0	975.0	0.0	45.0	2.0	44.0	1.0	0.0	0.0	10	vertical	1
39.065630	7.0	3.0	80.0	-54.8636	682124.0	975.0	0.0	44.0	2.0	44.0	1.0	0.0	0.0	10	vertical	1
39.166798	7.0	3.0	80.0	-54.7179	609089.0	975.0	0.0	39.0	1.0	44.0	3.0	0.0	0.0	10	vertical	1
39.268721	7.0	3.0	80.0	-55.2857	651081.0	975.0	0.0	42.0	3.0	44.0	2.0	0.0	0.0	10	vertical	1
39.370572	6.33333	3.0	80.0	-53.3125	744618.0	914.062	0.0	48.0	9.0	44.0	2.0	0.0	0.0	10	vertical	1
39.470597	5.0	3.0	80.0	-51.2093	679229.0	780.0	0.0	43.0	1.0	44.0	1.0	0.0	0.0	10	vertical	1
39.570742	6.45946	3.0	80.0	-53.9189	583756.0	922.297	0.0	37.0	3.0	42.0	4.0	0.0	0.0	10	vertical	1
39.672677	7.0	3.0	80.0	-54.6	697501.0	975.0	0.0	45.0	3.0	44.0	2.0	0.0	0.0	10	vertical	1
39.773529	7.0	3.0	80.0	-54.1905	657872.0	975.0	0.0	42.0	3.0	44.0	5.0	0.0	0.0	10	vertical	1
39.874084	7.0	3.0	80.0	-54.8333	659942.0	975.0	0.0	42.0	3.0	43.0	4.0	0.0	0.0	10	vertical	1
39.975546	7.0	3.0	80.0	-55.0882	529455.0	975.0	0.0	34.0	0.0	44.0	4.0	0.0	0.0	10	vertical	1
40.075907	5.88889	3.0	80.0	-53.4444	708444.0	866.667	0.0	45.0	5.0	44.0	2.0	0.0	0.0	10	vertical	1
40.177690	7.0	3.0	80.0	-54.675	620930.0	975.0	0.0	40.0	3.0	44.0	4.0	0.0	0.0	10	vertical	1
40.279683	7.0	3.0	80.0	-54.6053	588667.0	975.0	0.0	38.0	5.0	43.0	8.0	0.0	0.0	10	vertical	1
40.380624	7.0	3.0	80.0	-55.1316	594805.0	975.0	0.0	38.0	2.0	44.0	5.0	0.0	0.0	10	vertical	1
40.480654	7.0	3.0	80.0	-55.0	616014.0	975.0	0.0	39.0	1.0	44.0	4.0	0.0	0.0	10	vertical	1
40.580755	7.0	3.0	80.0	-54.9189	584009.0	975.0	0.0	37.0	4.0	42.0	7.0	0.0	0.0	10	vertical	1
40.682553	7.0	3.0	80.0	-54.975	620836.0	975.0	0.0	40.0	3.0	44.0	7.0	1024.0	0.0	10	vertical	1
40.782597	7.0	3.0	80.0	-54.8421	600141.0	975.0	0.0	38.0	1.0	44.0	4.0	0.0	0.0	10	vertical	1
40.883659	7.0	3.0	80.0	-55.2	703526.0	975.0	0.0	45.0	2.0	42.0	1.0	0.0	0.0	10	vertical	1
40.983907	7.0	3.0	80.0	-55.0	693479.0	975.0	0.0	44.0	1.0	44.0	0.0	0.0	0.0	10	vertical	1
41.085627	7.0	3.0	80.0	-55.0909	683449.0	975.0	0.0	44.0	4.0	44.0	4.0	0.0	0.0	10	vertical	1
41.187731	7.0	3.0	80.0	-54.9565	711822.0	975.0	0.0	46.0	3.0	44.0	1.0	0.0	0.0	10	vertical	1
41.289878	7.0	3.0	80.0	-54.8889	696053.0	975.0	0.0	45.0	2.0	44.0	0.0	0.0	0.0	10	vertical	1
41.391758	7.0	3.0	80.0	-54.8889	697884.0	975.0	0.0	45.0	1.0	44.0	1.0	0.0	0.0	10	vertical	1
41.493523	7.0	3.0	80.0	-54.8667	698663.0	975.0	0.0	45.0	3.0	44.0	2.0	0.0	0.0	10	vertical	1
41.595987	7.0	3.0	80.0	-54.75	678482.0	975.0	0.0	44.0	2.0	44.0	2.0	0.0	0.0	10	vertical	1
41.696544	7.0	3.0	80.0	-54.5556	707066.0	975.0	0.0	45.0	2.0	44.0	1.0	0.0	0.0	10	vertical	1
41.796586	7.0	3.0	80.0	-54.26	789665.0	975.0	0.0	50.0	9.0	43.0	2.0	0.0	0.0	10	vertical	1
41.896637	6.30435	3.0	80.0	-53.087	726427.0	907.174	0.0	46.0	6.0	43.0	3.0	0.0	0.0	10	vertical	1
41.998620	5.04444	3.0	80.0	-51.9556	697179.0	784.333	0.0	45.0	1.0	44.0	0.0	0.0	0.0	10	vertical	1
42.100595	5.45455	2.97727	80.0	-52.75	681736.0	817.409	0.0	44.0	1.0	44.0	1.0	0.0	0.0	10	vertical	1
42.201591	7.0	3.0	80.0	-54.0698	672697.0	975.0	0.0	43.0	4.0	44.0	4.0	0.0	0.0	10	vertical	1
42.301658	7.0	3.0	80.0	-54.2432	584093.0	975.0	0.0	37.0	5.0	44.0	8.0	0.0	0.0	10	vertical	1
42.401842	7.0	3.0	80.0	-53.9608	804319.0	975.0	0.0	51.0	15.0	42.0	4.0	0.0	0.0	10	vertical	1
42.503642	7.0	3.0	80.0	-54.1277	729466.0	975.0	0.0	47.0	9.0	44.0	5.0	0.0	0.0	10	vertical	1
42.605867	5.46809	3.0	80.0	-52.5957	726435.0	825.638	0.0	47.0	5.0	44.0	2.0	0.0	0.0	10	vertical	1
42.707745	5.13333	2.97778	80.0	-52.4889	697897.0	786.244	0.0	45.0	1.0	44.0	0.0	0.0	0.0	10	vertical	1
42.808716	5.66667	3.0	80.0	-52.4286	657220.0	845.0	0.0	42.0	0.0	44.0	2.0	0.0	0.0	10	vertical	1
42.910537	7.0	3.0	80.0	-54.4444	558626.0	975.0	0.0	36.0	1.0	44.0	5.0	0.0	0.0	10	vertical	1
43.010739	7.0	3.0	80.0	-54.4255	741099.0	975.0	0.0	47.0	9.0	43.0	3.0	0.0	0.0	10	vertical	1
43.112783	7.0	3.0	80.0	-54.5	681276.0	975.0	0.0	44.0	8.0	44.0	5.0	0.0	0.0	10	vertical	1
43.214600	5.69565	2.97826	80.0	-53.2609	713832.0	841.217	0.0	46.0	7.0	44.0	6.0	0.0	0.0	10	vertical	1
43.316639	5.04444	3.0	80.0	-52.6889	696793.0	784.333	0.0	45.0	1.0	44.0	0.0	0.0	0.0	10	vertical	1
43.418785	5.04651	3.0	80.0	-52.4419	665126.0	784.535	0.0	43.0	0.0	44.0	1.0	0.0	0.0	10	vertical	1
43.520569	5.26667	3.0	80.0	-52.9333	698535.0	806.0	0.0	45.0	4.0	44.0	3.0	0.0	0.0	10	vertical	1
43.622729	5.0	3.0	80.0	-52.1111	695965.0	780.0	0.0	45.0	2.0	44.0	1.0	0.0	0.0	10	vertical	1
43.724689	5.04348	3.0	80.0	-52.3478	712835.0	784.239	0.0	46.0	2.0	44.0	0.0	0.0	0.0	10	vertical	1
43.826644	5.0	3.0	80.0	-52.0909	681863.0	780.0	0.0	44.0	1.0	44.0	1.0	0.0	0.0	10	vertical	1
43.928742	5.0	3.0	80.0	-52.4545	680915.0	780.0	0.0	44.0	0.0	44.0	0.0	0.0	0.0	10	vertical	1
44.030077	5.09302	3.0	80.0	-52.6977	670450.0	789.07	0.0	43.0	0.0	44.0	1.0	0.0	0.0	10	vertical	1
44.131638	6.53846	3.0	80.0	-53.9423	808975.0	930.0	0.0	52.0	12.0	44.0	3.0	0.0	0.0	10	vertical	1
44.231758	5.04545	3.0	80.0	-52.2955	694363.0	784.432	0.0	44.0	2.0	42.0	1.0	0.0	0.0	10	vertical	1
44.333668	5.0	3.0	80.0	-52.1136	682175.0	780.0	0.0	44.0	0.0	45.0	0.0	0.0	0.0	10	vertical	1
44.433759	5.32653	3.0	80.0	-52.3673	773497.0	811.837	0.0	49.0	6.0	43.0	0.0	0.0	0.0	10	vertical	1
44.534635	5.04545	3.0	80.0	-52.1136	689162.0	784.432	19.0	44.0	1.0	44.0	1.0	0.0	0.0	10	vertical	1
44.634757	5.0	3.0	80.0	-52.4884	678570.0	780.0	0.0	43.0	1.0	42.0	1.0	0.0	0.0	10	vertical	1
44.736549	6.10204	3.0	80.0	-53.0408	760570.0	887.449	0.0	49.0	11.0	45.0	4.0	0.0	0.0	10	vertical	1
44.836650	5.0	3.0	80.0	-52.186	678718.0	780.0	0.0	43.0	0.0	43.0	0.0	0.0	0.0	10	vertical	1
44.938637	5.26087	3.0	80.0	-52.2826	712639.0	805.435	0.0	46.0	3.0	44.0	1.0	0.0	0.0	10	vertical	1
45.040727	5.41667	3.0	80.0	-52.5625	742869.0	820.625	0.0	48.0	7.0	44.0	3.0	0.0	0.0	10	vertical	1
45.141650	5.0	3.0	80.0	-52.2	704501.0	780.0	0.0	45.0	1.0	44.0	0.0	0.0	0.0	10	vertical	1
45.241827	5.13636	3.0	80.0	-52.7273	693968.0	793.295	0.0	44.0	1.0	43.0	0.0	0.0	0.0	10	vertical	1
45.341992	5.89796	3.0	80.0	-53.102	772929.0	867.551	0.0	49.0	7.0	43.0	1.0	0.0	0.0	10	vertical	1
45.443636	5.16667	2.97917	80.0	-52.7292	746135.0	789.917	0.0	48.0	5.0	44.0	1.0	0.0	0.0	10	vertical	1
45.545702	5.04545	3.0	80.0	-51.8864	681125.0	784.432	0.0	44.0	0.0	44.0	0.0	0.0	0.0	10	vertical	1
45.647577	5.66667	3.0	80.0	-52.3958	744445.0	845.0	0.0	48.0	5.0	44.0	1.0	0.0	0.0	10	vertical	1
45.749859	5.29787	3.0	80.0	-52.1915	726032.0	809.043	0.0	47.0	3.0	44.0	0.0	0.0	0.0	10	vertical	1
45.850636	5.29787	3.0	80.0	-52.5319	736874.0	809.043	0.0	47.0	4.0	44.0	1.0	0.0	0.0	10	vertical	1
45.952659	5.38298	3.0	80.0	-52.4255	727876.0	817.34	0.0	47.0	5.0	44.0	2.0	0.0	0.0	10	vertical	1
46.052811	5.0	3.0	80.0	-51.9773	694143.0	780.0	0.0	44.0	3.0	43.0	2.0	0.0	0.0	10	vertical	1
46.154607	5.62745	3.0	80.0	-52.7451	791585.0	841.176	0.0	51.0	7.0	44.0	0.0	0.0	0.0	10	vertical	1
46.254684	5.90909	3.0	80.0	-52.7955	694665.0	868.636	0.0	44.0	5.0	43.0	4.0	0.0	0.0	10	vertical	1
46.356687	5.52	3.0	80.0	-52.74	774481.0	830.7	0.0	50.0	8.0	44.0	2.0	0.0	0.0	10	vertical	1
46.457719	5.04444	3.0	80.0	-51.8667	703742.0	784.333	0.0	45.0	2.0	44.0	1.0	0.0	0.0	10	vertical	1
46.557861	5.04444	3.0	80.0	-52.1778	709994.0	784.333	0.0	45.0	2.0	43.0	0.0	0.0	0.0	10	vertical	1
46.659563	5.85106	3.0	80.0	-52.7234	730167.0	862.979	0.0	47.0	8.0	44.0	2.0	0.0	0.0	10	vertical	1
46.759651	5.5	3.0	80.0	-52.7917	757734.0	828.75	0.0	48.0	6.0	43.0	1.0	0.0	0.0	10	vertical	1
46.861597	5.0	3.0	80.0	-52.25	681933.0	780.0	0.0	44.0	1.0	44.0	1.0	0.0	0.0	10	vertical	1
46.963778	5.04545	3.0	80.0	-51.8864	680358.0	784.432	0.0	44.0	1.0	44.0	1.0	0.0	0.0	10	vertical	1
47.064716	5.6	3.0	80.0	-52.54	782662.0	838.5	0.0	50.0	8.0	44.0	2.0	0.0	0.0	10	vertical	1
47.166545	5.04255	3.0	80.0	-51.9149	729262.0	784.149	0.0	47.0	3.0	43.0	0.0	0.0	0.0	10	vertical	1
47.266733	5.84	3.0	80.0	-52.94	788513.0	861.9	0.0	50.0	13.0	44.0	3.0	0.0	0.0	10	vertical	1
47.366835	5.0	3.0	80.0	-52.0213	741848.0	780.0	0.0	47.0	4.0	43.0	0.0	0.0	0.0	10	vertical	1
47.468519	5.55814	3.0	80.0	-52.4419	668148.0	834.419	24.0	43.0	1.0	44.0	2.0	0.0	0.0	10	vertical	1
47.569862	6.5	3.0	80.0	-53.5667	935430.0	926.25	0.0	60.0	21.0	44.0	3.0	0.0	0.0	10	vertical	1
47.671549	5.04444	3.0	80.0	-51.9556	699209.0	784.333	0.0	45.0	2.0	44.0	1.0	0.0	0.0	10	vertical	1
47.771616	5.48889	2.97778	80.0	-52.6889	710521.0	820.911	0.0	45.0	4.0	43.0	2.0	0.0	0.0	10	vertical	1
47.873582	5.04545	3.0	80.0	-52.2045	696644.0	784.432	0.0	44.0	1.0	41.0	0.0	0.0	0.0	10	vertical	1
47.973663	5.13333	2.97778	80.0	-52.3556	725551.0	786.244	0.0	45.0	3.0	42.0	0.0	0.0	0.0	10	vertical	1
48.075564	5.0	3.0	80.0	-52.1489	728747.0	780.0	0.0	47.0	3.0	44.0	0.0	0.0	0.0	10	vertical	1
48.177590	5.91667	3.0	80.0	-52.8542	743225.0	869.375	0.0	48.0	7.0	44.0	3.0	0.0	0.0	10	vertical	1
48.278501	5.0	3.0	80.0	-51.8043	720240.0	780.0	0.0	46.0	2.0	44.0	0.0	0.0	0.0	10	vertical	1
48.380103	5.56522	3.0	80.0	-52.8043	715335.0	835.109	0.0	46.0	6.0	42.0	2.0	0.0	0.0	10	vertical	1
48.480638	5.04255	3.0	80.0	-52.1277	738651.0	784.149	0.0	47.0	2.0	45.0	0.0	0.0	0.0	10	vertical	1
48.580792	5.09302	3.0	80.0	-52.0698	678356.0	789.07	0.0	43.0	0.0	43.0	0.0	0.0	0.0	10	vertical	1
48.682684	5.48	3.0	80.0	-52.3	775330.0	826.8	0.0	50.0	7.0	43.0	1.0	0.0	0.0	10	vertical	1
48.784629	5.04082	3.0	80.0	-52.1224	759426.0	783.98	0.0	49.0	6.0	45.0	1.0	0.0	0.0	10	vertical	1
48.885831	5.04545	3.0	80.0	-52.3409	686942.0	784.432	0.0	44.0	0.0	44.0	0.0	0.0	0.0	10	vertical	1
48.987618	6.96078	3.0	80.0	-54.0196	791656.0	971.176	0.0	51.0	11.0	44.0	4.0	0.0	0.0	10	vertical	1
49.089630	6.91667	3.0	80.0	-54.3542	743446.0	966.875	0.0	48.0	11.0	42.0	5.0	0.0	0.0	10	vertical	1
49.189668	5.09091	2.97727	80.0	-52.4318	694930.0	781.955	0.0	44.0	0.0	45.0	0.0	0.0	0.0	10	vertical	1
49.291493	5.04255	3.0	80.0	-52.2553	729295.0	784.149	0.0	47.0	3.0	44.0	0.0	0.0	0.0	10	vertical	1
49.393722	5.0	3.0	80.0	-52.0889	695494.0	780.0	0.0	45.0	3.0	44.0	2.0	0.0	0.0	10	vertical	1
49.495714	6.19231	3.0	80.0	-53.0	805556.0	896.25	0.0	52.0	12.0	43.0	3.0	0.0	0.0	10	vertical	1
49.597654	5.0	3.0	80.0	-52.0652	712968.0	780.0	0.0	46.0	2.0	45.0	0.0	0.0	0.0	10	vertical	1
49.699745	5.04444	3.0	80.0	-51.8	696438.0	784.333	0.0	45.0	1.0	44.0	0.0	0.0	0.0	10	vertical	1
49.801587	5.04545	3.0	80.0	-52.0	682627.0	784.432	0.0	44.0	1.0	44.0	1.0	0.0	0.0	10	vertical	1
49.902599	5.0	3.0	80.0	-52.0889	703877.0	780.0	0.0	45.0	1.0	43.0	0.0	0.0	0.0	10	vertical	1
50.002603	5.72	3.0	80.0	-52.94	789968.0	850.2	0.0	50.0	10.0	45.0	3.0	0.0	0.0	10	vertical	1
50.102635	5.78431	3.0	80.0	-52.8235	895689.0	856.471	0.0	51.0	11.0	40.0	1.0	0.0	0.0	10	vertical	1
50.204737	5.08696	3.0	80.0	-51.913	711839.0	788.478	0.0	46.0	3.0	44.0	1.0	0.0	0.0	10	vertical	1
50.306644	5.0	3.0	80.0	-52.2826	713200.0	780.0	0.0	46.0	2.0	44.0	0.0	0.0	0.0	10	vertical	1
50.408741	5.04348	3.0	80.0	-52.1304	711873.0	784.239	0.0	46.0	2.0	44.0	0.0	0.0	0.0	10	vertical	1
50.509786	5.47826	3.0	80.0	-52.2174	719281.0	826.63	0.0	46.0	3.0	44.0	1.0	0.0	0.0	10	vertical	1
50.609841	5.35294	3.0	80.0	-52.451	805353.0	814.412	0.0	51.0	9.0	43.0	1.0	0.0	0.0	10	vertical	1
50.711506	5.48889	3.0	80.0	-52.7778	699357.0	827.667	0.0	45.0	4.0	44.0	1.0	0.0	0.0	10	vertical	1
50.811603	5.89362	3.0	80.0	-52.6809	741885.0	867.128	0.0	47.0	10.0	43.0	5.0	0.0	0.0	10	vertical	1
50.913679	5.04545	3.0	80.0	-52.0	695893.0	784.432	0.0	44.0	1.0	43.0	0.0	0.0	0.0	10	vertical	1
51.015621	5.29167	3.0	80.0	-52.7292	743947.0	808.438	0.0	48.0	6.0	44.0	2.0	0.0	0.0	10	vertical	1
51.116548	5.0	3.0	80.0	-52.0682	688815.0	780.0	0.0	44.0	0.0	44.0	0.0	0.0	0.0	10	vertical	1
51.216602	5.65116	3.0	80.0	-52.9302	679037.0	843.488	0.0	43.0	2.0	43.0	2.0	0.0	0.0	10	vertical	1
51.316717	6.01961	3.0	80.0	-53.3725	804872.0	879.412	0.0	51.0	12.0	43.0	3.0	0.0	0.0	10	vertical	1
51.418568	5.34043	2.97872	80.0	-52.7872	729108.0	806.723	0.0	47.0	6.0	44.0	1.0	0.0	0.0	10	vertical	1
51.520510	5.0	3.0	80.0	-52.4348	712954.0	780.0	0.0	46.0	2.0	43.0	0.0	0.0	0.0	10	vertical	1
51.622639	5.2381	3.0	80.0	-52.3095	649763.0	803.214	0.0	42.0	1.0	45.0	3.0	0.0	0.0	10	vertical	1
51.724658	5.71111	3.0	80.0	-52.8889	696932.0	849.333	0.0	45.0	6.0	44.0	4.0	0.0	0.0	10	vertical	1
51.825684	5.04348	3.0	80.0	-52.5	719417.0	784.239	9.0	46.0	2.0	44.0	0.0	0.0	0.0	10	vertical	1
51.927723	5.0	3.0	80.0	-52.4889	696794.0	780.0	0.0	45.0	1.0	44.0	0.0	0.0	0.0	10	vertical	1
52.029657	5.89362	3.0	80.0	-53.4894	728505.0	867.128	0.0	47.0	5.0	44.0	2.0	0.0	0.0	10	vertical	1
52.129689	5.17778	3.0	80.0	-52.8667	710773.0	797.333	0.0	45.0	3.0	43.0	1.0	0.0	0.0	10	vertical	1
52.231554	5.09524	3.0	80.0	-52.3333	651452.0	789.286	0.0	42.0	0.0	44.0	2.0	0.0	0.0	10	vertical	1
52.331752	5.08511	3.0	80.0	-52.5957	741132.0	788.298	0.0	47.0	4.0	43.0	0.0	0.0	0.0	10	vertical	1
52.432548	5.0	3.0	80.0	-52.5909	689711.0	780.0	0.0	44.0	2.0	44.0	2.0	0.0	0.0	10	vertical	1
52.532783	5.0	3.0	80.0	-51.8409	693567.0	780.0	0.0	44.0	2.0	43.0	0.0	0.0	0.0	10	vertical	1
52.634664	5.0	3.0	80.0	-51.75	682370.0	780.0	0.0	44.0	3.0	44.0	3.0	0.0	0.0	10	vertical	1
52.736556	5.34146	3.0	80.0	-52.4634	635771.0	813.293	0.0	41.0	2.0	45.0	2.0	0.0	0.0	10	vertical	1
52.836846	5.64	3.0	80.0	-52.94	787714.0	842.4	0.0	50.0	10.0	42.0	2.0	0.0	0.0	10	vertical	1
52.937682	5.34783	3.0	80.0	-52.7391	720772.0	813.913	0.0	46.0	7.0	44.0	4.0	0.0	0.0	10	vertical	1
53.039702	5.0	3.0	80.0	-52.5227	681434.0	780.0	0.0	44.0	0.0	44.0	0.0	0.0	0.0	10	vertical	1
53.141538	5.08696	3.0	80.0	-52.8043	713697.0	788.478	0.0	46.0	2.0	44.0	0.0	0.0	0.0	10	vertical	1
53.241661	5.0	3.0	80.0	-52.7778	710129.0	780.0	0.0	45.0	2.0	43.0	0.0	0.0	0.0	10	vertical	1
53.343508	5.04	3.0	80.0	-53.02	775672.0	783.9	0.0	50.0	8.0	44.0	2.0	0.0	0.0	10	vertical	1
53.443750	5.16667	3.0	80.0	-52.3125	756573.0	796.25	0.0	48.0	5.0	42.0	0.0	0.0	0.0	10	vertical	1
53.545880	6.01818	3.0	80.0	-52.7455	850877.0	879.273	0.0	55.0	14.0	45.0	2.0	0.0	0.0	10	vertical	1
53.646553	5.04255	3.0	80.0	-52.0851	737633.0	784.149	0.0	47.0	3.0	44.0	0.0	0.0	0.0	10	vertical	1
53.746599	5.23256	2.97674	80.0	-51.9302	679087.0	795.605	0.0	43.0	7.0	43.0	3.0	0.0	0.0	10	vertical	1
53.846618	5.27778	2.87037	80.0	-52.7778	853043.0	765.556	15.0	54.0	11.0	43.0	0.0	0.0	0.0	10	vertical	1
53.948786	6.93878	2.04082	80.0	-58.7755	757767.0	657.959	0.0	49.0	5.0	44.0	0.0	0.0	0.0	10	vertical	1
54.050620	6.91304	2.04348	80.0	-59.2609	713715.0	655.652	0.0	46.0	4.0	43.0	2.0	0.0	0.0	10	vertical	1
54.151593	5.97872	2.53191	80.0	-56.1064	735440.0	723.298	0.0	47.0	3.0	45.0	0.0	0.0	0.0	10	vertical	1
54.251853	5.75676	3.0	80.0	-53.5405	583087.0	853.784	0.0	37.0	6.0	43.0	5.0	0.0	0.0	10	vertical	1
54.353814	5.04348	3.0	80.0	-51.2609	712823.0	784.239	0.0	46.0	2.0	44.0	0.0	0.0	0.0	10	vertical	1
54.455881	5.29268	3.0	80.0	-51.9756	634677.0	808.537	0.0	41.0	2.0	44.0	2.0	0.0	0.0	10	vertical	1
54.557677	5.63636	3.0	80.0	-53.0909	697807.0	842.045	0.0	44.0	6.0	43.0	3.0	0.0	0.0	10	vertical	1
54.659719	5.04348	3.0	80.0	-52.6087	712259.0	784.239	0.0	46.0	2.0	44.0	0.0	0.0	0.0	10	vertical	1
54.761586	5.04444	3.0	80.0	-52.4444	697965.0	784.333	0.0	45.0	1.0	44.0	0.0	0.0	0.0	10	vertical	1
54.863644	5.23256	3.0	80.0	-52.9767	665701.0	802.674	0.0	43.0	3.0	44.0	4.0	0.0	0.0	10	vertical	1
54.965794	5.04545	3.0	80.0	-52.0	680567.0	784.432	0.0	44.0	1.0	44.0	1.0	0.0	0.0	10	vertical	1
55.068292	5.04444	3.0	80.0	-52.4444	693673.0	784.333	0.0	45.0	2.0	44.0	1.0	0.0	0.0	10	vertical	1
55.169824	5.0	3.0	80.0	-53.3636	684714.0	780.0	0.0	44.0	0.0	44.0	0.0	0.0	0.0	10	vertical	1
55.271523	5.39024	3.0	80.0	-52.9756	636978.0	818.049	0.0	41.0	0.0	44.0	3.0	0.0	0.0	10	vertical	1
55.371585	5.4898	3.0	80.0	-51.9388	773719.0	827.755	0.0	49.0	9.0	43.0	3.0	0.0	0.0	10	vertical	1
55.472568	5.0	3.0	80.0	-52.2558	687781.0	780.0	0.0	43.0	0.0	43.0	0.0	0.0	0.0	10	vertical	1
55.572633	6.2459	3.0	80.0	-53.5738	963173.0	901.475	0.0	61.0	19.0	44.0	1.0	0.0	0.0	10	vertical	1
55.674716	5.0	3.0	80.0	-51.2273	681015.0	780.0	0.0	44.0	1.0	43.0	1.0	0.0	0.0	10	vertical	1
55.776608	5.0	3.0	80.0	-51.2619	651276.0	780.0	0.0	42.0	3.0	44.0	5.0	0.0	0.0	10	vertical	1
55.878681	5.0	3.0	80.0	-51.5745	727517.0	780.0	0.0	47.0	3.0	44.0	0.0	0.0	0.0	10	vertical	1
55.979544	5.0	3.0	80.0	-51.0682	689254.0	780.0	0.0	44.0	1.0	44.0	1.0	0.0	0.0	10	vertical	1
56.079648	5.0	3.0	80.0	-51.6279	678694.0	780.0	0.0	43.0	1.0	43.0	1.0	0.0	0.0	10	vertical	1
56.179655	5.0	3.0	80.0	-52.9773	695147.0	780.0	0.0	44.0	2.0	44.0	1.0	0.0	0.0	10	vertical	1
56.281680	5.0	3.0	80.0	-51.4054	572998.0	780.0	0.0	37.0	2.0	43.0	7.0	0.0	0.0	10	vertical	1
56.383648	5.0	3.0	80.0	-53.7955	681787.0	780.0	0.0	44.0	1.0	44.0	1.0	0.0	0.0	10	vertical	1
56.486300	5.16667	3.0	80.0	-54.1667	184701.0	796.25	0.0	12.0	0.0	45.0	2.0	0.0	0.0	10	vertical	1
56.587727	5.0	3.0	80.0	-53.3636	171355.0	780.0	0.0	11.0	1.0	43.0	2.0	0.0	0.0	10	vertical	1
56.688487	5.0	3.0	80.0	-53.3864	689956.0	780.0	0.0	44.0	2.0	44.0	2.0	0.0	0.0	10	vertical	1
56.788689	5.0	3.0	80.0	-53.3514	583418.0	780.0	0.0	37.0	0.0	43.0	5.0	0.0	0.0	10	vertical	1
56.888703	5.0	3.0	80.0	-53.1622	599658.0	780.0	0.0	37.0	1.0	43.0	5.0	0.0	0.0	10	vertical	1
56.990690	5.0	3.0	80.0	-55.8333	185906.0	780.0	0.0	12.0	0.0	44.0	6.0	0.0	0.0	10	vertical	1
57.092611							0.0	0.0	0.0	44.0	0.0	0.0	0.0	10	vertical	1
57.193889	7.0	3.0	80.0	-55.5	31201.2	975.0	0.0	2.0	0.0	44.0	2.0	80.0	0.0	10	vertical	1
57.295716	7.0	3.0	80.0	-56.0	15516.5	975.0	0.0	1.0	0.0	44.0	1.0	0.0	0.0	10	vertical	1
57.395730	7.0	3.0	80.0	-55.0	15797.9	975.0	0.0	1.0	0.0	42.0	1.0	186.0	0.0	10	vertical	1
57.497733	7.0	3.0	80.0	-54.75	61958.9	975.0	0.0	4.0	0.0	44.0	2.0	0.0	0.0	10	vertical	1
57.597826							0.0	0.0	0.0	43.0	0.0	0.0	0.0	10	vertical	1
57.699587							0.0	0.0	0.0	44.0	0.0	0.0	0.0	10	vertical	1
57.800707	5.0	3.0	80.0	-53.7143	109374.0	780.0	0.0	7.0	1.0	43.0	1.0	131.0	0.0	10	vertical	1
57.900867	5.0	3.0	80.0	-53.6591	694093.0	780.0	0.0	44.0	2.0	43.0	0.0	0.0	0.0	10	vertical	1
58.002693	5.0	3.0	80.0	-53.4667	698248.0	780.0	0.0	45.0	1.0	44.0	1.0	0.0	0.0	10	vertical	1
58.104577	5.08889	3.0	80.0	-53.5333	697852.0	788.667	0.0	45.0	1.0	44.0	0.0	0.0	0.0	10	vertical	1
58.204723	5.0	3.0	80.0	-53.8837	678412.0	780.0	0.0	43.0	1.0	43.0	1.0	0.0	0.0	10	vertical	1
58.306546	6.0	3.0	80.0	-55.0312	496547.0	877.5	0.0	32.0	1.0	44.0	5.0	0.0	0.0	10	vertical	1
58.407515	7.0	3.0	80.0	-56.0417	375559.0	975.0	0.0	24.0	0.0	44.0	14.0	0.0	0.0	10	vertical	1
58.507820	7.0	3.0	80.0	-55.6452	488313.0	975.0	0.0	31.0	0.0	43.0	9.0	0.0	0.0	10	vertical	1
58.609590	7.0	3.0	80.0	-55.325	621009.0	975.0	0.0	40.0	2.0	44.0	5.0	0.0	0.0	10	vertical	1
58.709729	7.0	3.0	80.0	-55.1667	284005.0	975.0	0.0	18.0	0.0	44.0	11.0	0.0	0.0	10	vertical	1
58.811662	7.0	3.0	80.0	-55.0	77384.0	975.0	4.0	5.0	2.0	44.0	2.0	0.0	0.0	10	vertical	1
58.913605	7.0	3.0	80.0	-56.0	15498.9	975.0	0.0	1.0	1.0	44.0	0.0	0.0	0.0	10	vertical	1
59.014764	7.0	3.0	80.0	-55.0	62475.7	975.0	0.0	4.0	0.0	44.0	4.0	90.0	0.0	10	vertical	1
59.116610	7.0	3.0	80.0	-55.0	31027.2	975.0	0.0	2.0	0.0	44.0	2.0	0.0	0.0	10	vertical	1
59.216673							0.0	0.0	0.0	43.0	0.0	0.0	0.0	10	vertical	1
59.318614	7.0	3.0	80.0	-55.0	15499.1	975.0	0.0	1.0	0.0	44.0	1.0	89.0	0.0	10	vertical	1
59.418655							0.0	0.0	0.0	43.0	0.0	0.0	0.0	10	vertical	1
59.520624							0.0	0.0	0.0	44.0	0.0	0.0	0.0	10	vertical	1
59.621990							0.0	0.0	0.0	44.0	0.0	0.0	0.0	10	vertical	1
59.723602	7.0	3.0	80.0	-56.0	15549.3	975.0	0.0	1.0	0.0	44.0	1.0	158.0	0.0	10	vertical	1
59.823754							0.0	0.0	0.0	43.0	0.0	0.0	0.0	10	vertical	1
59.925707							0.0	0.0	0.0	44.0	0.0	0.0	0.0	10	vertical	1
60.026055							0.0	0.0	0.0	43.0	0.0	0.0	0.0	10	vertical	1
60.127591							0.0	0.0	0.0	44.0	0.0	0.0	0.0	10	vertical	1
60.229948							0.0	0.0	0.0	44.0	0.0	0.0	0.0	10	vertical	1
60.330588							0.0	0.0	0.0	44.0	0.0	0.0	0.0	10	vertical	1
60.430933							0.0	0.0	0.0	43.0	0.0	0.0	0.0	10	vertical	1
60.533191							0.0	0.0	0.0	44.0	0.0	0.0	0.0	10	vertical	1
60.634698	7.0	3.0	80.0	-57.0	15565.4	975.0	0.0	1.0	0.0	44.0	1.0	430.0	0.0	10	vertical	1
60.736581							0.0	0.0	0.0	44.0	0.0	0.0	0.0	10	vertical	1
60.838768							0.0	0.0	0.0	44.0	0.0	0.0	0.0	10	vertical	1
60.940528	5.0	3.0	80.0	-53.7222	279480.0	780.0	0.0	18.0	1.0	43.0	1.0	116.0	0.0	10	vertical	1
61.042652	5.0	3.0	80.0	-54.175	618858.0	780.0	0.0	40.0	0.0	45.0	1.0	0.0	0.0	10	vertical	1
61.144681							0.0	0.0	0.0	44.0	0.0	0.0	0.0	10	vertical	1
61.246616							0.0	0.0	0.0	44.0	0.0	0.0	0.0	10	vertical	1
61.348566	5.0	3.0	80.0	-57.3214	433937.0	780.0	0.0	28.0	2.0	43.0	1.0	109.0	0.0	10	vertical	1
61.449842	5.0	3.0	80.0	-57.6585	639641.0	780.0	0.0	41.0	0.0	44.0	2.0	0.0	0.0	10	vertical	1
61.551531	5.0	3.0	80.0	-52.25	559355.0	780.0	0.0	36.0	1.0	44.0	8.0	0.0	0.0	10	vertical	1
61.651618	5.0	3.0	80.0	-52.375	126289.0	780.0	0.0	8.0	0.0	44.0	0.0	0.0	0.0	10	vertical	1
61.751644	7.0	3.0	80.0	-55.0	15795.9	975.0	0.0	1.0	0.0	43.0	1.0	69.0	0.0	10	vertical	1
61.853684	7.0	3.0	80.0	-55.0	16777.7	975.0	0.0	2.0	0.0	45.0	2.0	0.0	0.0	10	vertical	1
61.955542	7.0	3.0	80.0	-55.3143	542914.0	975.0	23.0	35.0	6.0	43.0	8.0	0.0	0.0	10	vertical	1
62.056674	7.0	3.0	80.0	-55.8571	109362.0	975.0	0.0	7.0	0.0	45.0	3.0	0.0	0.0	10	vertical	1
62.158635							0.0	0.0	0.0	44.0	0.0	0.0	0.0	10	vertical	1
62.258675							0.0	0.0	0.0	43.0	0.0	0.0	0.0	10	vertical	1
62.360747	7.0	3.0	80.0	-55.6667	46437.9	975.0	0.0	3.0	0.0	44.0	3.0	132.0	0.0	10	vertical	1
62.462629	7.0	3.0	80.0	-55.5769	403210.0	975.0	0.0	26.0	1.0	43.0	9.0	0.0	0.0	10	vertical	1
62.564654	7.0	3.0	80.0	-56.0417	371673.0	975.0	0.0	24.0	1.0	45.0	8.0	0.0	0.0	10	vertical	1
62.666708	7.0	3.0	80.0	-56.4884	665730.0	975.0	0.0	43.0	0.0	43.0	2.0	0.0	0.0	10	vertical	1
62.768715	7.0	3.0	80.0	-55.7857	433695.0	975.0	0.0	28.0	2.0	44.0	11.0	0.0	0.0	10	vertical	1
62.870660	7.0	3.0	80.0	-55.8378	573444.0	975.0	0.0	37.0	1.0	44.0	8.0	64.0	0.0	10	vertical	1
62.972510	7.0	3.0	80.0	-55.7143	651551.0	975.0	0.0	42.0	4.0	44.0	5.0	0.0	0.0	10	vertical	1
63.073884	6.27869	3.0	80.0	-55.9508	950730.0	904.672	0.0	61.0	19.0	44.0	2.0	0.0	0.0	10	vertical	1
63.173942	5.09091	3.0	80.0	-53.8409	694797.0	788.864	0.0	44.0	3.0	43.0	1.0	0.0	0.0	10	vertical	1
63.275597	5.24242	3.0	80.0	-54.0	512911.0	803.636	0.0	33.0	1.0	45.0	3.0	0.0	0.0	10	vertical	1
63.375706	5.47619	3.0	80.0	-53.7381	662881.0	826.429	0.0	42.0	5.0	42.0	4.0	0.0	0.0	10	vertical	1
63.477604	5.0	3.0	80.0	-54.5556	697755.0	780.0	0.0	45.0	3.0	44.0	2.0	0.0	0.0	10	vertical	1
63.579754	7.0	3.0	80.0	-58.0	30934.8	975.0	0.0	2.0	0.0	45.0	2.0	0.0	0.0	10	vertical	1
63.681587							0.0	0.0	0.0	44.0	0.0	0.0	0.0	10	vertical	1
63.782703	7.0	3.0	80.0	-54.8889	140629.0	975.0	0.0	9.0	3.0	43.0	3.0	79.0	0.0	10	vertical	1
63.885116	7.0	3.0	80.0	-54.8125	246846.0	975.0	0.0	16.0	4.0	45.0	7.0	0.0	0.0	10	vertical	1
63.986544	7.0	3.0	80.0	-54.4583	373861.0	975.0	0.0	24.0	3.0	43.0	5.0	0.0	0.0	10	vertical	1
64.086549	7.0	3.0	80.0	-54.5714	442377.0	975.0	0.0	28.0	0.0	43.0	7.0	0.0	0.0	10	vertical	1
64.186559	7.0	3.0	80.0	-55.093	679329.0	975.0	0.0	43.0	2.0	43.0	2.0	0.0	0.0	10	vertical	1
64.288680	7.0	3.0	80.0	-55.0	541515.0	975.0	0.0	35.0	1.0	44.0	5.0	0.0	0.0	10	vertical	1
64.389727	7.0	3.0	80.0	-54.0286	547272.0	975.0	0.0	35.0	0.0	44.0	5.0	0.0	0.0	10	vertical	1
64.491565	7.0	3.0	80.0	-54.1818	682649.0	975.0	0.0	44.0	1.0	44.0	1.0	0.0	0.0	10	vertical	1
64.591625	7.0	3.0	80.0	-54.6279	678993.0	975.0	0.0	43.0	1.0	43.0	1.0	0.0	0.0	10	vertical	1
64.691640	7.0	3.0	80.0	-54.2045	695099.0	975.0	0.0	44.0	1.0	43.0	0.0	0.0	0.0	10	vertical	1
64.793628	7.0	3.0	80.0	-54.4211	576231.0	975.0	0.0	38.0	1.0	46.0	2.0	0.0	0.0	10	vertical	1
64.895643	7.0	3.0	80.0	-55.0	650496.0	975.0	0.0	42.0	1.0	43.0	4.0	0.0	0.0	10	vertical	1
64.996525	7.0	3.0	80.0	-55.1613	485517.0	975.0	0.0	31.0	0.0	44.0	9.0	0.0	0.0	10	vertical	1
65.096569	7.0	3.0	80.0	-54.2973	584342.0	975.0	0.0	37.0	0.0	44.0	3.0	0.0	0.0	10	vertical	1
65.196660	7.0	3.0	80.0	-54.2703	584069.0	975.0	0.0	37.0	3.0	42.0	7.0	0.0	0.0	10	vertical	1
65.298513	7.0	3.0	80.0	-54.2609	713581.0	975.0	0.0	46.0	2.0	44.0	0.0	0.0	0.0	10	vertical	1
65.400711	7.0	3.0	80.0	-53.8936	726626.0	975.0	0.0	47.0	4.0	44.0	1.0	0.0	0.0	10	vertical	1
65.502581	7.0	3.0	80.0	-54.8837	666929.0	975.0	0.0	43.0	3.0	44.0	4.0	0.0	0.0	10	vertical	1
65.603720	7.0	3.0	80.0	-55.625	749857.0	975.0	0.0	48.0	9.0	44.0	4.0	0.0	0.0	10	vertical	1
65.705573	7.0	3.0	80.0	-54.1628	667042.0	975.0	0.0	43.0	9.0	44.0	6.0	0.0	0.0	10	vertical	1
65.805707	7.0	3.0	80.0	-53.6364	694268.0	975.0	0.0	44.0	4.0	43.0	1.0	0.0	0.0	10	vertical	1
65.907964	7.0	3.0	80.0	-53.3846	200867.0	975.0	0.0	13.0	0.0	45.0	6.0	135.0	0.0	10	vertical	1
66.009876	7.0	3.0	80.0	-56.1111	279063.0	975.0	0.0	18.0	0.0	44.0	5.0	0.0	0.0	10	vertical	1
66.111605	7.0	3.0	80.0	-55.4048	652324.0	975.0	0.0	42.0	3.0	43.0	6.0	0.0	0.0	10	vertical	1
66.213876	7.0	3.0	80.0	-54.3571	432575.0	975.0	0.0	28.0	1.0	44.0	6.0	0.0	0.0	10	vertical	1
66.315778	7.0	3.0	80.0	-55.0714	217071.0	975.0	0.0	14.0	3.0	45.0	8.0	0.0	0.0	10	vertical	1
66.417631	7.0	3.0	80.0	-55.0	46538.0	975.0	0.0	3.0	0.0	44.0	2.0	0.0	0.0	10	vertical	1
66.519711	7.0	3.0	80.0	-55.55	309560.0	975.0	0.0	20.0	0.0	43.0	7.0	0.0	0.0	10	vertical	1
66.621625	7.0	3.0	80.0	-54.9333	697649.0	975.0	0.0	45.0	3.0	44.0	2.0	0.0	0.0	10	vertical	1
66.723675	7.0	3.0	80.0	-53.907	665748.0	975.0	0.0	43.0	1.0	44.0	2.0	0.0	0.0	10	vertical	1
66.824595	7.0	3.0	80.0	-53.7857	438371.0	975.0	0.0	28.0	1.0	45.0	8.0	0.0	0.0	10	vertical	1
66.924611	7.0	3.0	80.0	-54.2857	110582.0	975.0	0.0	7.0	0.0	42.0	5.0	0.0	0.0	10	vertical	1
67.024698	5.05405	3.0	80.0	-51.8378	584093.0	785.27	0.0	37.0	3.0	42.0	3.0	0.0	0.0	10	vertical	1
67.126734	5.35556	3.0	80.0	-52.3778	696813.0	814.667	0.0	45.0	3.0	44.0	2.0	0.0	0.0	10	vertical	1
67.228593	5.75	3.0	80.0	-52.4	620466.0	853.125	0.0	40.0	6.0	44.0	4.0	0.0	0.0	10	vertical	1
67.329916	5.0	3.0	80.0	-51.4545	686119.0	780.0	0.0	44.0	0.0	44.0	0.0	0.0	0.0	10	vertical	1
67.431896	5.16667	3.0	80.0	-51.125	371839.0	796.25	0.0	24.0	0.0	45.0	3.0	0.0	0.0	10	vertical	1
67.533853	7.0	3.0	80.0	-53.5	61987.2	975.0	0.0	4.0	0.0	44.0	3.0	0.0	0.0	10	vertical	1
67.635669	7.0	3.0	80.0	-54.5	310363.0	975.0	0.0	20.0	0.0	43.0	11.0	65.0	0.0	10	vertical	1
67.737528	6.8	3.0	80.0	-55.4	620462.0	955.5	0.0	40.0	4.0	44.0	7.0	0.0	0.0	10	vertical	1
67.837558	5.0	3.0	80.0	-53.4651	679202.0	780.0	0.0	43.0	1.0	43.0	1.0	0.0	0.0	10	vertical	1
67.939594	5.38095	3.0	80.0	-51.9286	650359.0	817.143	0.0	42.0	1.0	44.0	2.0	0.0	0.0	10	vertical	1
68.041866	7.0	3.0	80.0	-53.0357	432570.0	975.0	0.0	28.0	1.0	44.0	5.0	0.0	0.0	10	vertical	1
68.143537	7.0	3.0	80.0	-53.4231	404048.0	975.0	0.0	26.0	3.0	44.0	9.0	0.0	0.0	10	vertical	1
68.245903	7.0	3.0	80.0	-54.7917	370437.0	975.0	0.0	24.0	1.0	44.0	7.0	0.0	0.0	10	vertical	1
68.347546	7.0	3.0	80.0	-54.7222	559606.0	975.0	0.0	36.0	3.0	44.0	3.0	0.0	0.0	10	vertical	1
68.449844	7.0	3.0	80.0	-54.8837	664138.0	975.0	0.0	43.0	6.0	44.0	4.0	0.0	0.0	10	vertical	1
68.550484	7.0	3.0	80.0	-56.4375	753573.0	975.0	0.0	48.0	4.0	44.0	0.0	0.0	0.0	10	vertical	1
68.650507	7.0	3.0	80.0	-55.4474	600263.0	975.0	0.0	38.0	1.0	43.0	4.0	0.0	0.0	10	vertical	1
68.750748	7.0	3.0	80.0	-55.0606	520147.0	975.0	0.0	33.0	1.0	43.0	6.0	0.0	0.0	10	vertical	1
68.852510	7.0	3.0	80.0	-54.7442	667639.0	975.0	0.0	43.0	0.0	44.0	1.0	0.0	0.0	10	vertical	1
68.954726	7.0	3.0	80.0	-53.3864	680127.0	975.0	0.0	44.0	2.0	44.0	2.0	0.0	0.0	10	vertical	1
69.056649	7.0	3.0	80.0	-53.8261	713089.0	975.0	0.0	46.0	2.0	44.0	0.0	0.0	0.0	10	vertical	1
69.157709	7.0	3.0	80.0	-54.3913	719174.0	975.0	0.0	46.0	3.0	44.0	1.0	0.0	0.0	10	vertical	1
69.259625	7.0	3.0	80.0	-54.617	728637.0	975.0	0.0	47.0	4.0	44.0	1.0	0.0	0.0	10	vertical	1
69.359664	7.0	3.0	80.0	-56.0465	679137.0	975.0	0.0	43.0	2.0	44.0	1.0	0.0	0.0	10	vertical	1
69.461645	7.0	3.0	80.0	-55.4091	681698.0	975.0	0.0	44.0	2.0	43.0	3.0	0.0	0.0	10	vertical	1
69.561880	7.0	3.0	80.0	-54.8913	725097.0	975.0	0.0	46.0	4.0	43.0	1.0	0.0	0.0	10	vertical	1
69.663542	7.0	3.0	80.0	-54.8913	714913.0	975.0	0.0	46.0	2.0	44.0	0.0	0.0	0.0	10	vertical	1
69.764500	7.0	3.0	80.0	-54.6136	688607.0	975.0	0.0	44.0	2.0	44.0	2.0	0.0	0.0	10	vertical	1
69.864574	7.0	3.0	80.0	-55.7143	663108.0	975.0	0.0	42.0	2.0	43.0	2.0	0.0	0.0	10	vertical	1
69.966714	7.0	3.0	80.0	-55.975	618761.0	975.0	0.0	40.0	1.0	43.0	3.0	0.0	0.0	10	vertical	1
70.068542	7.0	3.0	80.0	-55.6364	682715.0	975.0	0.0	44.0	2.0	45.0	2.0	0.0	0.0	10	vertical	1
70.168732	7.0	3.0	80.0	-54.6585	646577.0	975.0	0.0	41.0	1.0	43.0	3.0	0.0	0.0	10	vertical	1
70.269723	7.0	3.0	80.0	-54.2093	672732.0	975.0	0.0	43.0	1.0	44.0	2.0	0.0	0.0	10	vertical	1
70.371679	7.0	3.0	80.0	-54.125	619876.0	975.0	0.0	40.0	2.0	44.0	3.0	0.0	0.0	10	vertical	1
70.471743	7.0	3.0	80.0	-54.4048	663176.0	975.0	0.0	42.0	2.0	43.0	2.0	0.0	0.0	10	vertical	1
70.573567	7.0	3.0	80.0	-55.0208	744809.0	975.0	0.0	48.0	5.0	44.0	2.0	0.0	0.0	10	vertical	1
70.673575	7.0	3.0	80.0	-55.0612	774142.0	975.0	0.0	49.0	7.0	43.0	1.0	0.0	0.0	10	vertical	1
70.775724	7.0	3.0	80.0	-54.4545	680571.0	975.0	0.0	44.0	1.0	44.0	1.0	0.0	0.0	10	vertical	1
70.877570	7.0	3.0	80.0	-54.2381	651575.0	975.0	0.0	42.0	1.0	44.0	4.0	256.0	0.0	10	vertical	1
70.978610	7.0	3.0	80.0	-54.913	719317.0	975.0	0.0	46.0	3.0	44.0	1.0	0.0	0.0	10	vertical	1
71.080699	7.0	3.0	80.0	-56.0222	696451.0	975.0	0.0	45.0	2.0	44.0	1.0	0.0	0.0	10	vertical	1
71.180733	7.0	3.0	80.0	-55.6047	679173.0	975.0	0.0	43.0	0.0	43.0	0.0	0.0	0.0	10	vertical	1
71.282514	7.0	3.0	80.0	-54.7727	683034.0	975.0	0.0	44.0	2.0	44.0	2.0	0.0	0.0	10	vertical	1
71.384615	7.0	3.0	80.0	-54.4348	711840.0	975.0	0.0	46.0	3.0	44.0	1.0	0.0	0.0	10	vertical	1
71.484618	7.0	3.0	80.0	-54.2093	679378.0	975.0	0.0	43.0	0.0	43.0	0.0	0.0	0.0	10	vertical	1
71.585928	7.05556	3.0	80.0	-54.8333	280723.0	985.833	0.0	18.0	0.0	45.0	1.0	0.0	0.0	10	vertical	1
71.687526	7.0	3.0	80.0	-54.9722	559856.0	975.0	0.0	36.0	2.0	43.0	1.0	0.0	0.0	10	vertical	1
71.789360	7.0	3.0	80.0	-55.4318	682678.0	975.0	0.0	44.0	2.0	43.0	1.0	0.0	0.0	10	vertical	1
71.889568	7.0	3.0	80.0	-56.093	677994.0	975.0	0.0	43.0	0.0	44.0	1.0	0.0	0.0	10	vertical	1
71.991704	7.0	3.0	80.0	-56.0227	680658.0	975.0	0.0	44.0	1.0	44.0	1.0	0.0	0.0	10	vertical	1
72.091722	7.0	3.0	80.0	-55.1136	695074.0	975.0	0.0	44.0	2.0	44.0	1.0	0.0	0.0	10	vertical	1
72.192601	7.0	3.0	80.0	-53.9773	689144.0	975.0	0.0	44.0	2.0	43.0	2.0	0.0	0.0	10	vertical	1
72.294587	7.0	3.0	80.0	-54.2326	666169.0	975.0	0.0	43.0	1.0	44.0	2.0	0.0	0.0	10	vertical	1
72.394599	7.0	3.0	80.0	-55.2143	663523.0	975.0	0.0	42.0	2.0	44.0	2.0	0.0	0.0	10	vertical	1
72.494796	7.0	3.0	80.0	-55.5349	678063.0	975.0	0.0	43.0	0.0	42.0	0.0	0.0	0.0	10	vertical	1
72.596764	7.0	3.0	80.0	-55.0952	369803.0	975.0	0.0	21.0	0.0	42.0	1.0	0.0	0.0	10	vertical	1
72.697815							0.0	0.0	0.0	44.0	0.0	0.0	0.0	10	vertical	1
72.799607	7.0	3.0	80.0	-53.3125	248349.0	975.0	0.0	16.0	2.0	43.0	2.0	92.0	0.0	10	vertical	1
72.899618	7.0	3.0	80.0	-53.6744	679332.0	975.0	0.0	43.0	0.0	43.0	0.0	0.0	0.0	10	vertical	1
73.001638	7.0	3.0	80.0	-53.6364	681432.0	975.0	0.0	44.0	1.0	44.0	1.0	0.0	0.0	10	vertical	1
73.103876	7.0	3.0	80.0	-53.9787	726343.0	975.0	0.0	47.0	4.0	44.0	1.0	0.0	0.0	10	vertical	1
73.205544	7.0	3.0	80.0	-53.8936	730421.0	975.0	0.0	47.0	4.0	44.0	1.0	0.0	0.0	10	vertical	1
73.305911	7.0	3.0	80.0	-53.9535	676915.0	975.0	0.0	43.0	1.0	43.0	1.0	0.0	0.0	10	vertical	1
73.406568	7.0	3.0	80.0	-53.3478	722056.0	975.0	0.0	46.0	2.0	44.0	0.0	0.0	0.0	10	vertical	1
73.506631	7.0	3.0	80.0	-53.5429	552653.0	975.0	0.0	35.0	3.0	44.0	6.0	2304.0	0.0	10	vertical	1
73.606675	7.0	3.0	80.0	-53.2121	521166.0	975.0	0.0	33.0	1.0	43.0	4.0	0.0	0.0	10	vertical	1
73.708702	7.0	3.0	80.0	-53.7826	712364.0	975.0	0.0	46.0	3.0	43.0	1.0	0.0	0.0	10	vertical	1
73.810626	7.0	3.0	80.0	-53.7083	744081.0	975.0	0.0	48.0	5.0	44.0	1.0	0.0	0.0	10	vertical	1
73.912684	7.0	3.0	80.0	-53.902	789557.0	975.0	0.0	51.0	7.0	44.0	0.0	0.0	0.0	10	vertical	1
74.013593	7.0	3.0	80.0	-53.898	767225.0	975.0	0.0	49.0	6.0	44.0	1.0	0.0	0.0	10	vertical	1
74.113634	7.0	3.0	80.0	-54.3953	679122.0	975.0	0.0	43.0	1.0	43.0	1.0	0.0	0.0	10	vertical	1
74.213680	7.0	3.0	80.0	-54.3171	647501.0	975.0	0.0	41.0	1.0	44.0	2.0	0.0	0.0	10	vertical	1
74.315499	7.0	3.0	80.0	-53.0698	667260.0	975.0	0.0	43.0	1.0	43.0	3.0	0.0	0.0	10	vertical	1
74.417606	7.0	3.0	80.0	-54.7381	649906.0	975.0	0.0	42.0	1.0	44.0	1.0	0.0	0.0	10	vertical	1
74.519591	7.0	3.0	80.0	-54.3778	697166.0	975.0	0.0	45.0	3.0	44.0	2.0	0.0	0.0	10	vertical	1
74.620726	7.0	3.0	80.0	-53.5455	687393.0	975.0	0.0	44.0	2.0	43.0	1.0	0.0	0.0	10	vertical	1
74.722550	7.0	3.0	80.0	-53.5652	713779.0	975.0	0.0	46.0	2.0	45.0	1.0	0.0	0.0	10	vertical	1
74.822591	7.0	3.0	80.0	-53.7955	694920.0	975.0	0.0	44.0	2.0	43.0	1.0	0.0	0.0	10	vertical	1
74.924614	7.0	3.0	80.0	-53.9091	681410.0	975.0	0.0	44.0	1.0	43.0	1.0	0.0	0.0	10	vertical	1
75.026567	7.0	3.0	80.0	-53.4545	681883.0	975.0	0.0	44.0	0.0	45.0	0.0	0.0	0.0	10	vertical	1
75.128597	7.0	3.0	80.0	-53.9286	650398.0	975.0	0.0	42.0	0.0	44.0	2.0	0.0	0.0	10	vertical	1
75.231043	7.0	3.0	80.0	-54.5455	678599.0	975.0	0.0	44.0	1.0	44.0	1.0	0.0	0.0	10	vertical	1
75.332657	7.0	3.0	80.0	-54.65	621966.0	975.0	0.0	40.0	1.0	44.0	1.0	0.0	0.0	10	vertical	1
75.434586	7.0	3.0	80.0	-54.25	682042.0	975.0	0.0	44.0	2.0	44.0	2.0	0.0	0.0	10	vertical	1
75.536533	7.0	3.0	80.0	-54.1087	712916.0	975.0	0.0	46.0	3.0	44.0	1.0	0.0	0.0	10	vertical	1
75.638653	7.0	3.0	80.0	-53.4565	711717.0	975.0	0.0	46.0	2.0	44.0	0.0	0.0	0.0	10	vertical	1
75.739534	7.0	3.0	80.0	-53.1591	689128.0	975.0	0.0	44.0	2.0	44.0	2.0	0.0	0.0	10	vertical	1
75.839545	7.0	3.0	80.0	-53.4545	695118.0	975.0	0.0	44.0	2.0	43.0	1.0	0.0	0.0	10	vertical	1
75.939754	7.0	3.0	80.0	-53.7045	693755.0	975.0	0.0	44.0	2.0	43.0	1.0	0.0	0.0	10	vertical	1
76.041551	7.0	3.0	80.0	-54.0667	698450.0	975.0	0.0	45.0	1.0	44.0	0.0	0.0	0.0	10	vertical	1
76.143654	6.64706	3.0	80.0	-53.9608	789083.0	940.588	0.0	51.0	8.0	44.0	1.0	0.0	0.0	10	vertical	1
76.244931	5.04545	3.0	80.0	-52.2727	686436.0	784.432	0.0	44.0	0.0	44.0	0.0	0.0	0.0	10	vertical	1
76.346684	6.74359	3.0	80.0	-54.1282	605579.0	950.0	0.0	39.0	1.0	44.0	4.0	0.0	0.0	10	vertical	1
76.448534	7.0	3.0	80.0	-54.1818	682576.0	975.0	2.0	44.0	1.0	43.0	2.0	0.0	0.0	10	vertical	1
76.548674	7.0	3.0	80.0	-53.9268	646894.0	975.0	0.0	41.0	1.0	43.0	3.0	0.0	0.0	10	vertical	1
76.650578	7.0	3.0	80.0	-54.0435	713218.0	975.0	0.0	46.0	2.0	44.0	0.0	0.0	0.0	10	vertical	1
76.750710	7.0	3.0	80.0	-53.6042	757399.0	975.0	0.0	48.0	6.0	43.0	1.0	0.0	0.0	10	vertical	1
76.852546	7.0	3.0	80.0	-53.5682	682667.0	975.0	0.0	44.0	1.0	44.0	1.0	0.0	0.0	10	vertical	1
76.953531	7.0	3.0	80.0	-53.8511	735357.0	975.0	0.0	47.0	3.0	44.0	0.0	0.0	0.0	10	vertical	1
77.053593	7.0	3.0	80.0	-53.5098	805301.0	975.0	0.0	51.0	10.0	43.0	2.0	0.0	0.0	10	vertical	1
77.153597	7.0	3.0	80.0	-53.6957	726769.0	975.0	0.0	46.0	5.0	44.0	2.0	0.0	0.0	10	vertical	1
77.255654	7.0	3.0	80.0	-53.3542	743116.0	975.0	0.0	48.0	5.0	43.0	1.0	0.0	0.0	10	vertical	1
77.357578	7.0	3.0	80.0	-53.6471	790595.0	975.0	0.0	51.0	8.0	44.0	1.0	0.0	0.0	10	vertical	1
77.459683	5.47826	3.0	80.0	-52.0435	711812.0	826.63	0.0	46.0	3.0	44.0	1.0	0.0	0.0	10	vertical	1
77.560709	6.67347	3.0	80.0	-53.4898	766335.0	943.163	0.0	49.0	6.0	44.0	1.0	0.0	0.0	10	vertical	1
77.662531	7.0	3.0	80.0	-53.5294	791383.0	975.0	0.0	51.0	7.0	44.0	0.0	0.0	0.0	10	vertical	1
77.762577	7.0	3.0	80.0	-53.3617	742262.0	975.0	0.0	47.0	5.0	43.0	1.0	0.0	0.0	10	vertical	1
77.862606	7.0	3.0	80.0	-53.1875	758181.0	975.0	0.0	48.0	6.0	44.0	1.0	0.0	0.0	10	vertical	1
77.963651	7.0	3.0	80.0	-52.96	781828.0	975.0	0.0	50.0	6.0	43.0	0.0	0.0	0.0	10	vertical	1
78.066562	7.0	3.0	80.0	-53.0	767656.0	975.0	0.0	50.0	9.0	44.0	3.0	0.0	0.0	10	vertical	1
78.168492	7.0	3.0	80.0	-52.8727	852545.0	975.0	0.0	55.0	12.0	44.0	1.0	0.0	0.0	10	vertical	1
78.269600	7.0	3.0	80.0	-53.0851	734460.0	975.0	0.0	47.0	3.0	44.0	0.0	0.0	0.0	10	vertical	1
78.369629	7.0	3.0	80.0	-52.7391	726593.0	975.0	0.0	46.0	4.0	43.0	1.0	0.0	0.0	10	vertical	1
78.469671	7.0	3.0	80.0	-52.5778	710698.0	975.0	0.0	45.0	3.0	43.0	1.0	0.0	0.0	10	vertical	1
78.571568	7.0	3.0	80.0	-52.9767	666750.0	975.0	0.0	43.0	1.0	44.0	2.0	0.0	0.0	10	vertical	1
78.673723	7.0	3.0	80.0	-52.775	618668.0	975.0	0.0	40.0	2.0	44.0	4.0	0.0	0.0	10	vertical	1
78.775481	7.0	3.0	80.0	-52.7381	652137.0	975.0	0.0	42.0	4.0	44.0	5.0	0.0	0.0	10	vertical	1
78.876806	7.0	3.0	80.0	-52.8	779667.0	975.0	0.0	50.0	8.0	44.0	1.0	0.0	0.0	10	vertical	1
78.978598	7.0	3.0	80.0	-53.2045	682967.0	975.0	0.0	44.0	1.0	44.0	2.0	0.0	0.0	10	vertical	1
79.078643	7.0	3.0	80.0	-53.1087	726472.0	975.0	0.0	46.0	4.0	43.0	1.0	0.0	0.0	10	vertical	1
79.178860	7.0	3.0	80.0	-53.1628	677927.0	975.0	0.0	43.0	1.0	43.0	0.0	0.0	0.0	10	vertical	1
79.280693	7.0	3.0	80.0	-54.122	636023.0	975.0	0.0	41.0	0.0	44.0	5.0	1025.0	0.0	10	vertical	1
79.381658	7.0	3.0	80.0	-53.5	500769.0	975.0	0.0	32.0	2.0	44.0	4.0	0.0	0.0	10	vertical	1
79.481894	7.0	3.0	80.0	-54.3659	646275.0	975.0	0.0	41.0	0.0	43.0	2.0	0.0	0.0	10	vertical	1
79.583486	7.0	3.0	80.0	-54.0476	653201.0	975.0	0.0	42.0	4.0	44.0	5.0	0.0	0.0	10	vertical	1
79.683830	7.0	3.0	80.0	-54.0	661320.0	975.0	10.0	42.0	2.0	43.0	3.0	0.0	0.0	10	vertical	1
79.785650	7.0	3.0	80.0	-54.0652	713810.0	975.0	0.0	46.0	5.0	44.0	3.0	0.0	0.0	10	vertical	1
79.887677	7.0	3.0	80.0	-53.5128	603959.0	975.0	0.0	39.0	1.0	44.0	5.0	0.0	0.0	10	vertical	1
79.988579	7.0	3.0	80.0	-53.5116	673323.0	975.0	0.0	43.0	1.0	44.0	2.0	0.0	0.0	10	vertical	1
80.088676	7.0	3.0	80.0	-53.9091	694527.0	975.0	0.0	44.0	2.0	43.0	1.0	0.0	0.0	10	vertical	1
80.190555	7.0	3.0	80.0	-53.093	666872.0	975.0	0.0	43.0	2.0	44.0	2.0	0.0	0.0	10	vertical	1
80.290707	7.0	3.0	80.0	-53.4667	709918.0	975.0	0.0	45.0	3.0	43.0	1.0	0.0	0.0	10	vertical	1
80.392617	7.0	3.0	80.0	-53.9535	666671.0	975.0	0.0	43.0	0.0	44.0	1.0	0.0	0.0	10	vertical	1
80.494603	7.0	3.0	80.0	-55.3023	666170.0	975.0	0.0	43.0	1.0	44.0	2.0	0.0	0.0	10	vertical	1
80.595602	7.0	3.0	80.0	-55.0	688321.0	975.0	2.0	44.0	1.0	44.0	1.0	0.0	0.0	10	vertical	1
80.697574	7.0	3.0	80.0	-54.5	681755.0	975.0	0.0	44.0	1.0	44.0	1.0	0.0	0.0	10	vertical	1
80.797588	7.0	3.0	80.0	-55.2093	679307.0	975.0	0.0	43.0	1.0	43.0	1.0	0.0	0.0	10	vertical	1
80.897591	7.0	3.0	80.0	-55.6316	600378.0	975.0	0.0	38.0	1.0	43.0	6.0	0.0	0.0	10	vertical	1
80.999662	7.0	3.0	80.0	-55.6818	681095.0	975.0	0.0	44.0	3.0	44.0	2.0	0.0	0.0	10	vertical	1
81.101845	7.0	3.0	80.0	-55.4571	541187.0	975.0	0.0	35.0	2.0	44.0	1.0	0.0	0.0	10	vertical	1
81.203755	7.0	3.0	80.0	-55.7381	651161.0	975.0	0.0	42.0	1.0	44.0	3.0	0.0	0.0	10	vertical	1
81.304503	7.0	3.0	80.0	-54.825	627311.0	975.0	0.0	40.0	1.0	44.0	5.0	0.0	0.0	10	vertical	1
81.404609	7.0	3.0	80.0	-53.05	631331.0	975.0	2.0	40.0	1.0	43.0	3.0	0.0	0.0	10	vertical	1
81.504630	7.0	3.0	80.0	-54.7805	647660.0	975.0	0.0	41.0	2.0	43.0	4.0	0.0	0.0	10	vertical	1
81.606557	7.0	3.0	80.0	-56.5556	697561.0	975.0	0.0	45.0	3.0	44.0	2.0	0.0	0.0	10	vertical	1
81.708604	7.0	3.0	80.0	-55.75	743185.0	975.0	0.0	48.0	4.0	44.0	0.0	0.0	0.0	10	vertical	1
81.810632	6.87755	3.0	80.0	-57.0204	758697.0	963.061	0.0	49.0	8.0	44.0	3.0	0.0	0.0	10	vertical	1
81.911575	5.51136	2.81818	80.0	-56.2273	1374790.0	754.886	60.0	88.0	44.0	96.0	0.0	0.0	0.0	10	vertical	1
82.011595	4.71429	3.0	80.0	-52.619	663466.0	719.643	0.0	42.0	0.0	0.0	1.0	0.0	0.0	10	vertical	1
82.113528	6.72093	3.0	80.0	-54.6279	666515.0	947.791	0.0	43.0	1.0	35.0	2.0	0.0	0.0	10	vertical	1
82.213708	7.0	3.0	80.0	-54.6512	678179.0	975.0	0.0	43.0	0.0	43.0	0.0	0.0	0.0	10	vertical	1
82.315539	7.0	3.0	80.0	-53.4091	682705.0	975.0	0.0	44.0	1.0	44.0	1.0	0.0	0.0	10	vertical	1
82.416481	7.0	3.0	80.0	-54.6341	641752.0	975.0	0.0	41.0	1.0	44.0	6.0	0.0	0.0	10	vertical	1
82.516484	7.0	3.0	80.0	-54.8636	695180.0	975.0	0.0	44.0	2.0	43.0	1.0	0.0	0.0	10	vertical	1
82.616570	7.0	3.0	80.0	-52.5854	647244.0	975.0	0.0	41.0	1.0	43.0	3.0	0.0	0.0	10	vertical	1
82.718625	7.0	3.0	80.0	-52.8182	681202.0	975.0	0.0	44.0	0.0	44.0	0.0	0.0	0.0	10	vertical	1
82.820738	7.0	3.0	80.0	-53.3784	572500.0	975.0	0.0	37.0	2.0	44.0	2.0	0.0	0.0	10	vertical	1
82.921721	7.0	3.0	80.0	-54.5714	657143.0	975.0	0.0	42.0	0.0	44.0	2.0	0.0	0.0	10	vertical	1
83.024570	7.0	3.0	80.0	-54.5532	722029.0	975.0	0.0	47.0	4.0	44.0	1.0	0.0	0.0	10	vertical	1
83.125569	7.0	3.0	80.0	-54.6667	703964.0	975.0	0.0	45.0	2.0	44.0	1.0	0.0	0.0	10	vertical	1
83.225682	7.0	3.0	80.0	-54.75	568158.0	975.0	0.0	36.0	1.0	43.0	6.0	0.0	0.0	10	vertical	1
83.327575	7.0	3.0	80.0	-53.9565	356650.0	975.0	0.0	23.0	0.0	45.0	11.0	0.0	0.0	10	vertical	1
83.427643	7.0	3.0	80.0	-53.5652	363151.0	975.0	0.0	23.0	2.0	43.0	11.0	0.0	0.0	10	vertical	1
83.529705	7.0	3.0	80.0	-54.0	339931.0	975.0	0.0	21.0	0.0	43.0	9.0	0.0	0.0	10	vertical	1
83.631570	7.0	3.0	80.0	-54.3	310215.0	975.0	0.0	20.0	0.0	44.0	9.0	0.0	0.0	10	vertical	1
83.732474	7.0	3.0	80.0	-54.2564	610681.0	975.0	0.0	39.0	2.0	43.0	7.0	0.0	0.0	10	vertical	1
83.832768	7.0	3.0	80.0	-53.9583	756178.0	975.0	0.0	48.0	5.0	43.0	0.0	0.0	0.0	10	vertical	1
83.934803	7.0	3.0	80.0	-54.3864	681337.0	975.0	0.0	44.0	8.0	44.0	5.0	0.0	0.0	10	vertical	1
84.036535	7.0	3.0	80.0	-55.3913	357212.0	975.0	0.0	23.0	1.0	44.0	8.0	0.0	0.0	10	vertical	1
84.136655	7.0	3.0	80.0	-55.4615	615458.0	975.0	0.0	39.0	2.0	44.0	4.0	0.0	0.0	10	vertical	1
84.237650	7.0	3.0	80.0	-54.975	625778.0	975.0	0.0	40.0	3.0	43.0	7.0	0.0	0.0	10	vertical	1
84.339555	7.0	3.0	80.0	-55.2	620183.0	975.0	0.0	40.0	3.0	44.0	7.0	0.0	0.0	10	vertical	1
84.439589	7.0	3.0	80.0	-55.5349	679171.0	975.0	0.0	43.0	0.0	43.0	0.0	0.0	0.0	10	vertical	1
84.541540	7.0	3.0	80.0	-55.5	712889.0	975.0	0.0	46.0	4.0	44.0	2.0	0.0	0.0	10	vertical	1
84.642064	7.0	3.0	80.0	-55.3415	644426.0	975.0	0.0	41.0	1.0	43.0	3.0	0.0	0.0	10	vertical	1
84.743572	7.0	3.0	80.0	-55.1778	700439.0	975.0	0.0	45.0	3.0	44.0	2.0	0.0	0.0	10	vertical	1
84.844718	7.0	3.0	80.0	-55.413	718564.0	975.0	0.0	46.0	8.0	44.0	5.0	0.0	0.0	10	vertical	1
84.944723	7.0	3.0	80.0	-55.2553	742560.0	975.0	0.0	47.0	5.0	44.0	1.0	0.0	0.0	10	vertical	1
85.044804	7.0	3.0	80.0	-55.1957	726213.0	975.0	0.0	46.0	5.0	42.0	2.0	0.0	0.0	10	vertical	1
85.146564	7.0	3.0	80.0	-55.0714	652121.0	975.0	0.0	42.0	5.0	45.0	5.0	0.0	0.0	10	vertical	1
85.248548	7.0	3.0	80.0	-54.75	681676.0	975.0	0.0	44.0	2.0	43.0	3.0	0.0	0.0	10	vertical	1
85.350605	7.0	3.0	80.0	-54.6216	572822.0	975.0	0.0	37.0	1.0	44.0	7.0	0.0	0.0	10	vertical	1
85.452619	7.0	3.0	80.0	-54.9556	696960.0	975.0	0.0	45.0	5.0	44.0	3.0	0.0	0.0	10	vertical	1
85.553646	7.0	3.0	80.0	-54.4324	578655.0	975.0	0.0	37.0	4.0	45.0	7.0	0.0	0.0	10	vertical	1
85.653656	7.0	3.0	80.0	-54.6667	521351.0	975.0	0.0	33.0	1.0	43.0	9.0	0.0	0.0	10	vertical	1
85.755559	7.0	3.0	80.0	-55.9286	651205.0	975.0	0.0	42.0	1.0	43.0	1.0	0.0	0.0	10	vertical	1
85.857572	7.0	3.0	80.0	-56.0952	650509.0	975.0	0.0	42.0	1.0	43.0	3.0	0.0	0.0	10	vertical	1
85.957651	6.61905	3.0	80.0	-54.8333	663076.0	937.857	0.0	42.0	4.0	42.0	4.0	0.0	0.0	10	vertical	1
86.058575	6.26087	2.97826	80.0	-55.0435	720144.0	896.326	0.0	46.0	3.0	45.0	1.0	0.0	0.0	10	vertical	1
86.160881	7.0	3.0	80.0	-55.4091	679527.0	975.0	0.0	44.0	1.0	44.0	1.0	0.0	0.0	10	vertical	1
86.262573	7.0	3.0	80.0	-54.8182	683638.0	975.0	0.0	44.0	2.0	44.0	2.0	0.0	0.0	10	vertical	1
86.362610	7.0	3.0	80.0	-57.4359	615971.0	975.0	0.0	39.0	2.0	43.0	5.0	0.0	0.0	10	vertical	1
86.462621	5.59574	3.0	80.0	-56.1064	742398.0	838.085	0.0	47.0	5.0	44.0	1.0	0.0	0.0	10	vertical	1
86.564544	5.04545	3.0	80.0	-53.5455	682079.0	784.432	0.0	44.0	0.0	43.0	0.0	0.0	0.0	10	vertical	1
86.665856	6.74359	3.0	80.0	-56.4359	608220.0	950.0	0.0	39.0	1.0	44.0	5.0	0.0	0.0	10	vertical	1
86.767541	7.0	3.0	80.0	-56.9583	372919.0	975.0	0.0	24.0	1.0	44.0	8.0	0.0	0.0	10	vertical	1
86.867688	7.0	3.0	80.0	-57.1429	662627.0	975.0	0.0	42.0	9.0	43.0	10.0	0.0	0.0	10	vertical	1
86.969516	7.0	3.0	80.0	-56.0435	713747.0	975.0	0.0	46.0	4.0	44.0	2.0	0.0	0.0	10	vertical	1
87.070074	7.0	3.0	80.0	-55.5714	769907.0	975.0	0.0	49.0	7.0	43.0	1.0	0.0	0.0	10	vertical	1
87.171643	7.0	3.0	80.0	-55.5116	668905.0	975.0	0.0	43.0	9.0	45.0	7.0	0.0	0.0	10	vertical	1
87.273600	7.0	3.0	80.0	-55.1739	712847.0	975.0	0.0	46.0	6.0	43.0	4.0	0.0	0.0	10	vertical	1
87.374594	7.0	3.0	80.0	-55.0	688362.0	975.0	0.0	44.0	5.0	45.0	4.0	0.0	0.0	10	vertical	1
87.476643	7.0	3.0	80.0	-54.7297	572861.0	975.0	0.0	37.0	1.0	43.0	8.0	0.0	0.0	10	vertical	1
87.578670	7.0	3.0	80.0	-55.2955	681390.0	975.0	0.0	44.0	2.0	44.0	2.0	0.0	0.0	10	vertical	1
87.680523	7.0	3.0	80.0	-54.7561	636012.0	975.0	0.0	41.0	2.0	44.0	3.0	0.0	0.0	10	vertical	1
87.780946	7.0	3.0	80.0	-54.3182	692271.0	975.0	0.0	44.0	2.0	43.0	1.0	0.0	0.0	10	vertical	1
87.882481	6.12727	2.98182	80.0	-53.4182	855748.0	884.382	0.0	55.0	11.0	44.0	0.0	0.0	0.0	10	vertical	1
87.984681	6.51111	3.0	80.0	-54.1778	695697.0	927.333	0.0	45.0	3.0	44.0	1.0	0.0	0.0	10	vertical	1
88.086600	7.0	3.0	80.0	-54.6136	682109.0	975.0	0.0	44.0	1.0	44.0	1.0	0.0	0.0	10	vertical	1
88.189307	7.0	3.0	80.0	-54.0227	676874.0	975.0	0.0	44.0	2.0	44.0	2.0	0.0	0.0	10	vertical	1
88.290503	7.0	3.0	80.0	-53.2609	718214.0	975.0	0.0	46.0	3.0	44.0	1.0	0.0	0.0	10	vertical	1
88.392703	7.0	3.0	80.0	-54.5556	695688.0	975.0	0.0	45.0	2.0	44.0	1.0	0.0	0.0	10	vertical	1
88.493588	7.0	3.0	80.0	-54.95	626461.0	975.0	0.0	40.0	2.0	44.0	5.0	0.0	0.0	10	vertical	1
88.593708	7.0	3.0	80.0	-55.2857	662802.0	975.0	0.0	42.0	0.0	43.0	1.0	0.0	0.0	10	vertical	1
88.695489	7.0	3.0	80.0	-54.7273	683036.0	975.0	0.0	44.0	3.0	44.0	3.0	0.0	0.0	10	vertical	1
88.795672	7.0	3.0	80.0	-55.0513	615074.0	975.0	0.0	39.0	2.0	43.0	6.0	0.0	0.0	10	vertical	1
88.897827	7.0	3.0	80.0	-56.2222	696001.0	975.0	0.0	45.0	3.0	44.0	1.0	0.0	0.0	10	vertical	1
88.999702	7.0	3.0	80.0	-55.8095	651385.0	975.0	0.0	42.0	0.0	44.0	3.0	0.0	0.0	10	vertical	1
89.100478	7.0	3.0	80.0	-56.275	627133.0	975.0	0.0	40.0	4.0	44.0	5.0	0.0	0.0	10	vertical	1
89.200751	7.0	3.0	80.0	-56.2857	661792.0	975.0	0.0	42.0	1.0	43.0	2.0	0.0	0.0	10	vertical	1
89.302563	7.0	3.0	80.0	-56.2093	667311.0	975.0	0.0	43.0	4.0	45.0	4.0	0.0	0.0	10	vertical	1
89.402654	7.0	3.0	80.0	-58.0606	520923.0	975.0	0.0	33.0	2.0	42.0	6.0	0.0	0.0	10	vertical	1
89.504550	7.0	3.0	80.0	-55.6429	434169.0	975.0	0.0	28.0	1.0	45.0	6.0	0.0	0.0	10	vertical	1
89.606660	7.0	3.0	80.0	-55.6667	557048.0	975.0	0.0	36.0	2.0	43.0	5.0	0.0	0.0	10	vertical	1
89.707495	7.0	3.0	80.0	-55.9688	501412.0	975.0	0.0	32.0	2.0	44.0	6.0	0.0	0.0	10	vertical	1
89.807528	7.0	3.0	80.0	-57.625	505435.0	975.0	0.0	32.0	1.0	42.0	6.0	0.0	0.0	10	vertical	1
89.907722	7.0	3.0	80.0	-56.0	472961.0	975.0	0.0	30.0	3.0	45.0	10.0	0.0	0.0	10	vertical	1
90.009926	7.0	3.0	80.0	-54.8462	602914.0	975.0	0.0	39.0	2.0	43.0	4.0	0.0	0.0	10	vertical	1
90.111762	7.0	3.0	80.0	-54.7391	713692.0	975.0	0.0	46.0	6.0	44.0	3.0	0.0	0.0	10	vertical	1
90.213656	7.0	3.0	80.0	-54.3636	682277.0	975.0	0.0	44.0	5.0	44.0	4.0	0.0	0.0	10	vertical	1
90.314509	7.0	3.0	80.0	-55.0909	719347.0	975.0	11.0	44.0	4.0	42.0	2.0	0.0	0.0	10	vertical	1
90.414565	7.0	3.0	80.0	-54.6889	710603.0	975.0	0.0	45.0	3.0	43.0	1.0	0.0	0.0	10	vertical	1
90.514614	7.0	3.0	80.0	-54.8049	647485.0	975.0	0.0	41.0	0.0	44.0	2.0	0.0	0.0	10	vertical	1
90.616503	7.0	3.0	80.0	-54.8511	728826.0	975.0	0.0	47.0	4.0	43.0	1.0	0.0	0.0	10	vertical	1
90.718550	7.0	3.0	80.0	-54.7826	712227.0	975.0	0.0	46.0	5.0	44.0	2.0	0.0	0.0	10	vertical	1
90.820684	7.0	3.0	80.0	-54.5556	696139.0	975.0	5.0	45.0	2.0	44.0	1.0	0.0	0.0	10	vertical	1
90.921698	7.0	3.0	80.0	-54.3182	688224.0	975.0	0.0	44.0	3.0	44.0	3.0	0.0	0.0	10	vertical	1
91.023662	7.0	3.0	80.0	-54.4222	697306.0	975.0	15.0	45.0	3.0	44.0	2.0	0.0	0.0	10	vertical	1
91.125528	7.0	3.0	80.0	-54.2826	713486.0	975.0	0.0	46.0	3.0	44.0	1.0	0.0	0.0	10	vertical	1
91.227634	7.0	3.0	80.0	-54.4545	680860.0	975.0	0.0	44.0	5.0	43.0	4.0	0.0	0.0	10	vertical	1
91.329571	7.0	3.0	80.0	-54.4468	728489.0	975.0	16.0	47.0	3.0	45.0	1.0	0.0	0.0	10	vertical	1
91.431457	7.0	3.0	80.0	-54.383	728852.0	975.0	0.0	47.0	5.0	44.0	2.0	0.0	0.0	10	vertical	1
91.531656	7.0	3.0	80.0	-54.3696	725358.0	975.0	0.0	46.0	4.0	43.0	1.0	0.0	0.0	10	vertical	1
91.633653	7.0	3.0	80.0	-54.56	774534.0	975.0	0.0	50.0	6.0	44.0	0.0	0.0	0.0	10	vertical	1
91.735473	7.0	3.0	80.0	-54.6667	698289.0	975.0	0.0	45.0	2.0	44.0	1.0	0.0	0.0	10	vertical	1
91.837839	7.0	3.0	80.0	-54.8	694570.0	975.0	0.0	45.0	3.0	44.0	2.0	0.0	0.0	10	vertical	1
91.939518	7.0	3.0	80.0	-54.7111	699256.0	975.0	0.0	45.0	2.0	44.0	1.0	0.0	0.0	10	vertical	1
92.040740	7.0	3.0	80.0	-54.7111	702418.0	975.0	0.0	45.0	2.0	44.0	1.0	0.0	0.0	10	vertical	1
92.142587	7.0	3.0	80.0	-54.7021	729132.0	975.0	0.0	47.0	4.0	44.0	1.0	0.0	0.0	10	vertical	1
92.242653	7.0	3.0	80.0	-54.5227	694745.0	975.0	0.0	44.0	1.0	43.0	0.0	0.0	0.0	10	vertical	1
92.344528	7.0	3.0	80.0	-54.9111	697912.0	975.0	0.0	45.0	2.0	44.0	1.0	0.0	0.0	10	vertical	1
92.444702	7.0	3.0	80.0	-54.5333	709765.0	975.0	3.0	45.0	3.0	43.0	1.0	0.0	0.0	10	vertical	1
92.546608	7.0	3.0	80.0	-54.6444	697699.0	975.0	0.0	45.0	2.0	43.0	1.0	0.0	0.0	10	vertical	1
92.647669	7.0	3.0	80.0	-54.7333	703535.0	975.0	0.0	45.0	2.0	45.0	1.0	0.0	0.0	10	vertical	1
92.749516	7.0	3.0	80.0	-54.84	775674.0	975.0	0.0	50.0	7.0	44.0	1.0	0.0	0.0	10	vertical	1
92.849605	7.0	3.0	80.0	-54.2889	710367.0	975.0	0.0	45.0	4.0	43.0	2.0	0.0	0.0	10	vertical	1
92.951620	7.0	3.0	80.0	-54.6383	727937.0	975.0	0.0	47.0	4.0	44.0	1.0	0.0	0.0	10	vertical	1
93.051673	7.0	3.0	80.0	-54.5682	694830.0	975.0	0.0	44.0	4.0	44.0	3.0	0.0	0.0	10	vertical	1
93.153582	7.0	3.0	80.0	-54.7111	697681.0	975.0	0.0	45.0	2.0	43.0	1.0	0.0	0.0	10	vertical	1
93.254588	7.0	3.0	80.0	-54.3023	672636.0	975.0	0.0	43.0	3.0	45.0	3.0	0.0	0.0	10	vertical	1
93.354665	7.0	3.0	80.0	-54.6383	742022.0	975.0	0.0	47.0	5.0	43.0	2.0	0.0	0.0	10	vertical	1
93.456575	7.0	3.0	80.0	-54.5	713180.0	975.0	0.0	46.0	3.0	43.0	1.0	0.0	0.0	10	vertical	1
93.556627	7.0	3.0	80.0	-54.4651	679050.0	975.0	0.0	43.0	3.0	44.0	3.0	0.0	0.0	10	vertical	1
93.658542	7.0	3.0	80.0	-54.6809	728646.0	975.0	0.0	47.0	5.0	43.0	2.0	0.0	0.0	10	vertical	1
93.760705	7.0	3.0	80.0	-54.6957	711410.0	975.0	0.0	46.0	3.0	44.0	0.0	0.0	0.0	10	vertical	1
93.861501	7.0	3.0	80.0	-54.6444	705385.0	975.0	0.0	45.0	2.0	44.0	2.0	0.0	0.0	10	vertical	1
93.961527	5.76	2.98	80.0	-53.32	789558.0	848.02	0.0	50.0	7.0	44.0	0.0	0.0	0.0	10	vertical	1
94.061731	7.0	3.0	80.0	-54.5111	709552.0	975.0	0.0	45.0	3.0	42.0	1.0	0.0	0.0	10	vertical	1
94.163543	7.0	3.0	80.0	-54.6667	651787.0	975.0	0.0	42.0	2.0	44.0	4.0	0.0	0.0	10	vertical	1
94.265827	7.0	3.0	80.0	-54.383	726020.0	975.0	0.0	47.0	3.0	44.0	0.0	0.0	0.0	10	vertical	1
94.367554	7.0	3.0	80.0	-54.5532	729996.0	975.0	0.0	47.0	4.0	44.0	1.0	0.0	0.0	10	vertical	1
94.468665	7.0	3.0	80.0	-54.7174	718812.0	975.0	0.0	46.0	4.0	44.0	2.0	0.0	0.0	10	vertical	1
94.570552	7.0	3.0	80.0	-54.6444	697828.0	975.0	0.0	45.0	2.0	44.0	1.0	0.0	0.0	10	vertical	1
94.670593	7.0	3.0	80.0	-54.8333	758091.0	975.0	0.0	48.0	6.0	41.0	1.0	0.0	0.0	10	vertical	1
94.770610	7.0	3.0	80.0	-54.3256	666580.0	975.0	0.0	43.0	2.0	44.0	3.0	0.0	0.0	10	vertical	1
94.872639	7.0	3.0	80.0	-54.4583	743313.0	975.0	0.0	48.0	4.0	44.0	0.0	0.0	0.0	10	vertical	1
94.973628	7.0	3.0	80.0	-54.3958	750975.0	975.0	0.0	48.0	8.0	45.0	3.0	0.0	0.0	10	vertical	1
95.076533	7.0	3.0	80.0	-54.5	706282.0	975.0	0.0	46.0	4.0	43.0	2.0	0.0	0.0	10	vertical	1
95.177518	7.0	3.0	80.0	-54.5	688422.0	975.0	0.0	44.0	1.0	44.0	1.0	0.0	0.0	10	vertical	1
95.277730	7.0	3.0	80.0	-54.4186	677963.0	975.0	0.0	43.0	1.0	43.0	1.0	0.0	0.0	10	vertical	1
95.377767	7.0	3.0	80.0	-54.3333	710733.0	975.0	0.0	45.0	4.0	43.0	2.0	0.0	0.0	10	vertical	1
95.479619	7.0	3.0	80.0	-54.2826	713585.0	975.0	0.0	46.0	2.0	43.0	0.0	0.0	0.0	10	vertical	1
95.580675	7.0	3.0	80.0	-54.4255	734843.0	975.0	0.0	47.0	4.0	44.0	1.0	0.0	0.0	10	vertical	1
95.683519	7.0	3.0	80.0	-54.3409	675972.0	975.0	0.0	44.0	2.0	44.0	2.0	0.0	0.0	10	vertical	1
95.784669	7.0	3.0	80.0	-54.625	749780.0	975.0	0.0	48.0	4.0	44.0	0.0	0.0	0.0	10	vertical	1
95.886550	7.0	3.0	80.0	-54.3256	666857.0	975.0	0.0	43.0	2.0	44.0	3.0	0.0	0.0	10	vertical	1
95.986657	7.0	3.0	80.0	-54.2609	726020.0	975.0	0.0	46.0	4.0	43.0	1.0	0.0	0.0	10	vertical	1
96.088491	7.0	3.0	80.0	-54.4583	744740.0	975.0	0.0	48.0	4.0	44.0	0.0	0.0	0.0	10	vertical	1
96.188559	7.0	3.0	80.0	-54.3095	663151.0	975.0	0.0	42.0	2.0	43.0	3.0	0.0	0.0	10	vertical	1
96.289506	7.0	3.0	80.0	-54.6304	719985.0	975.0	0.0	46.0	4.0	44.0	2.0	0.0	0.0	10	vertical	1
96.389623	7.0	3.0	80.0	-54.0909	694388.0	975.0	0.0	44.0	1.0	43.0	0.0	0.0	0.0	10	vertical	1
96.491426	7.0	3.0	80.0	-54.6889	698404.0	975.0	0.0	45.0	2.0	44.0	1.0	0.0	0.0	10	vertical	1
96.591685	7.0	3.0	80.0	-54.7727	693409.0	975.0	0.0	44.0	3.0	43.0	2.0	0.0	0.0	10	vertical	1
96.693618	7.0	3.0	80.0	-54.2128	728518.0	975.0	0.0	47.0	4.0	44.0	1.0	0.0	0.0	10	vertical	1
96.796443	7.0	3.0	80.0	-54.5	676096.0	975.0	8.0	44.0	2.0	44.0	2.0	0.0	0.0	10	vertical	1
96.897635	7.0	3.0	80.0	-54.3061	795008.0	975.0	0.0	49.0	7.0	43.0	1.0	0.0	0.0	10	vertical	1
96.998531	7.0	3.0	80.0	-54.6	704685.0	975.0	0.0	45.0	1.0	44.0	0.0	0.0	0.0	10	vertical	1
97.098548	7.0	3.0	80.0	-54.5238	663484.0	975.0	0.0	42.0	2.0	44.0	3.0	0.0	0.0	10	vertical	1
97.198600	7.0	3.0	80.0	-54.4889	710634.0	975.0	0.0	45.0	3.0	42.0	1.0	0.0	0.0	10	vertical	1
97.300526	7.0	3.0	80.0	-54.3333	697562.0	975.0	0.0	45.0	2.0	44.0	1.0	0.0	0.0	10	vertical	1
97.402730	7.0	3.0	80.0	-54.3191	726589.0	975.0	0.0	47.0	4.0	44.0	1.0	0.0	0.0	10	vertical	1
97.504710	7.0	3.0	80.0	-54.4667	697193.0	975.0	0.0	45.0	2.0	44.0	1.0	0.0	0.0	10	vertical	1
97.605531	7.0	3.0	80.0	-54.6222	705209.0	975.0	0.0	45.0	2.0	44.0	1.0	0.0	0.0	10	vertical	1
97.705701	7.0	3.0	80.0	-54.5106	741343.0	975.0	0.0	47.0	5.0	43.0	1.0	0.0	0.0	10	vertical	1
97.807963	7.0	3.0	80.0	-54.7045	679820.0	975.0	0.0	44.0	1.0	44.0	1.0	0.0	0.0	10	vertical	1
97.909807	7.0	3.0	80.0	-54.8222	698126.0	975.0	0.0	45.0	2.0	44.0	0.0	0.0	0.0	10	vertical	1
98.011511	7.0	3.0	80.0	-54.9787	730160.0	975.0	0.0	47.0	3.0	44.0	1.0	0.0	0.0	10	vertical	1
98.113675	7.0	3.0	80.0	-54.8222	695944.0	975.0	0.0	45.0	2.0	44.0	1.0	0.0	0.0	10	vertical	1
98.215635	7.0	3.0	80.0	-55.0444	697332.0	975.0	0.0	45.0	4.0	44.0	3.0	0.0	0.0	10	vertical	1
98.317553	7.0	3.0	80.0	-54.9565	713120.0	975.0	0.0	46.0	2.0	44.0	0.0	0.0	0.0	10	vertical	1
98.419645	7.0	3.0	80.0	-55.0682	680951.0	975.0	0.0	44.0	2.0	45.0	1.0	0.0	0.0	10	vertical	1
98.521671	7.0	3.0	80.0	-54.9545	681397.0	975.0	0.0	44.0	2.0	43.0	3.0	0.0	0.0	10	vertical	1
98.622656	7.0	3.0	80.0	-55.0455	688420.0	975.0	0.0	44.0	1.0	44.0	1.0	0.0	0.0	10	vertical	1
98.724500	7.0	3.0	80.0	-54.8864	682610.0	975.0	0.0	44.0	3.0	44.0	3.0	0.0	0.0	10	vertical	1
98.824681	7.0	3.0	80.0	-55.0455	693949.0	975.0	0.0	44.0	2.0	43.0	1.0	0.0	0.0	10	vertical	1
98.926503	7.0	3.0	80.0	-54.9268	636206.0	975.0	20.0	41.0	0.0	44.0	3.0	0.0	0.0	10	vertical	1
99.028342	7.0	3.0	80.0	-54.9535	667131.0	975.0	0.0	43.0	3.0	43.0	3.0	0.0	0.0	10	vertical	1
99.128553	7.0	3.0	80.0	-54.9535	677970.0	975.0	0.0	43.0	4.0	44.0	4.0	0.0	0.0	10	vertical	1
99.229694	7.0	3.0	80.0	-55.1136	687355.0	975.0	0.0	44.0	1.0	44.0	1.0	0.0	0.0	10	vertical	1
99.331473	7.0	3.0	80.0	-54.55	620954.0	975.0	0.0	40.0	2.0	44.0	6.0	0.0	0.0	10	vertical	1
99.431509	7.0	3.0	80.0	-54.675	631772.0	975.0	0.0	40.0	2.0	43.0	5.0	0.0	0.0	10	vertical	1
99.531696	7.0	3.0	80.0	-54.3659	646592.0	975.0	0.0	41.0	4.0	43.0	3.0	0.0	0.0	10	vertical	1
99.633676	7.0	3.0	80.0	-53.8378	573247.0	975.0	0.0	37.0	3.0	44.0	8.0	0.0	0.0	10	vertical	1
99.735735	7.0	3.0	80.0	-54.5319	727624.0	975.0	0.0	47.0	6.0	44.0	3.0	0.0	0.0	10	vertical	1
99.837673	7.0	3.0	80.0	-54.7143	650980.0	975.0	0.0	42.0	2.0	44.0	3.0	0.0	0.0	10	vertical	1
99.939060	7.0	3.0	80.0	-54.15	623356.0	975.0	0.0	40.0	3.0	45.0	5.0	0.0	0.0	10	vertical	1
100.040601	7.0	3.0	80.0	-54.1556	700210.0	975.0	0.0	45.0	4.0	43.0	3.0	0.0	0.0	10	vertical	1
100.142527	7.0	3.0	80.0	-54.0227	682062.0	975.0	0.0	44.0	2.0	44.0	2.0	0.0	0.0	10	vertical	1
100.242651	7.0	3.0	80.0	-53.6905	662781.0	975.0	0.0	42.0	1.0	43.0	2.0	0.0	0.0	10	vertical	1
100.342669	7.0	3.0	80.0	-54.1667	663476.0	975.0	0.0	42.0	1.0	44.0	2.0	0.0	0.0	10	vertical	1
100.444573	7.0	3.0	80.0	-54.7619	651203.0	975.0	0.0	42.0	2.0	43.0	4.0	0.0	0.0	10	vertical	1
100.545644	7.0	3.0	80.0	-55.1395	672197.0	975.0	0.0	43.0	2.0	44.0	3.0	0.0	0.0	10	vertical	1
100.647474	7.0	3.0	80.0	-55.4878	636160.0	975.0	0.0	41.0	0.0	44.0	2.0	0.0	0.0	10	vertical	1
100.747479	7.0	3.0	80.0	-54.9091	695168.0	975.0	0.0	44.0	3.0	44.0	2.0	0.0	0.0	10	vertical	1
100.847577	7.0	3.0	80.0	-54.6	552457.0	975.0	0.0	35.0	2.0	42.0	5.0	0.0	0.0	10	vertical	1
100.949717	7.0	3.0	80.0	-55.2	464068.0	975.0	0.0	30.0	2.0	44.0	6.0	0.0	0.0	10	vertical	1
101.050640	7.0	3.0	80.0	-54.4048	657530.0	975.0	0.0	42.0	2.0	44.0	2.0	0.0	0.0	10	vertical	1
101.152542	7.0	3.0	80.0	-55.5641	604703.0	975.0	0.0	39.0	0.0	44.0	3.0	0.0	0.0	10	vertical	1
101.252804	7.0	3.0	80.0	-56.1034	457002.0	975.0	0.0	29.0	2.0	44.0	1.0	0.0	0.0	10	vertical	1
101.355793	7.0	3.0	80.0	-54.8462	199439.0	975.0	0.0	13.0	1.0	44.0	9.0	0.0	0.0	10	vertical	1
101.456575	7.0	3.0	80.0	-55.5385	203806.0	975.0	0.0	13.0	0.0	43.0	4.0	0.0	0.0	10	vertical	1
101.558582	7.0	3.0	80.0	-57.1429	108423.0	975.0	0.0	7.0	1.0	45.0	1.0	0.0	0.0	10	vertical	1
101.660712	5.0	3.0	80.0	-53.0	216588.0	780.0	6.0	14.0	2.0	43.0	1.0	0.0	0.0	10	vertical	1
101.762509	5.0	3.0	80.0	-53.2174	356983.0	780.0	0.0	23.0	2.0	45.0	2.0	0.0	0.0	10	vertical	1
101.864560							0.0	0.0	0.0	44.0	0.0	0.0	0.0	10	vertical	1
101.966592	7.0	3.0	80.0	-54.25	185824.0	975.0	0.0	12.0	0.0	43.0	3.0	94.0	0.0	10	vertical	1
102.068674	7.0	3.0	80.0	-53.9444	278599.0	975.0	0.0	18.0	2.0	45.0	2.0	0.0	0.0	10	vertical	1
102.170583	7.0	3.0	80.0	-54.1429	217057.0	975.0	0.0	14.0	0.0	44.0	6.0	0.0	0.0	10	vertical	1
102.271626	7.0	3.0	80.0	-54.7	156368.0	975.0	0.0	10.0	1.0	44.0	8.0	0.0	0.0	10	vertical	1
102.371662	6.17391	3.0	80.0	-52.5652	726539.0	894.457	0.0	46.0	13.0	43.0	7.0	0.0	0.0	10	vertical	1
102.471665	6.12	3.0	80.0	-53.12	394990.0	889.2	0.0	25.0	1.0	43.0	7.0	66.0	0.0	10	vertical	1
102.573580	7.0	3.0	80.0	-53.5333	697636.0	975.0	0.0	45.0	1.0	43.0	0.0	0.0	0.0	10	vertical	1
102.675628	7.0	3.0	80.0	-54.0909	681247.0	975.0	12.0	44.0	1.0	44.0	1.0	0.0	0.0	10	vertical	1
102.790009	7.0	3.0	80.0	-53.9677	454464.0	975.0	0.0	31.0	2.0	29.0	1.0	0.0	0.0	10	vertical	1
102.890546	7.0	3.0	80.0	-53.86	860557.0	975.0	0.0	50.0	4.0	51.0	1.0	0.0	0.0	10	vertical	1
102.990740	7.0	3.0	80.0	-54.2667	709624.0	975.0	0.0	45.0	4.0	43.0	1.0	0.0	0.0	10	vertical	1
103.092521	7.0	3.0	80.0	-54.7209	667516.0	975.0	0.0	43.0	3.0	44.0	5.0	0.0	0.0	10	vertical	1
103.194600	7.0	3.0	80.0	-54.3947	588172.0	975.0	0.0	38.0	1.0	44.0	5.0	0.0	0.0	10	vertical	1
103.295566	7.0	3.0	80.0	-54.1053	683969.0	975.0	0.0	38.0	4.0	38.0	2.0	0.0	0.0	10	vertical	1
103.395644	7.0	3.0	80.0	-53.7059	641898.0	975.0	0.0	34.0	2.0	36.0	3.0	0.0	0.0	10	vertical	1
103.497528	7.0	3.0	80.0	-53.7551	759888.0	975.0	0.0	49.0	9.0	44.0	4.0	0.0	0.0	10	vertical	1
103.597705	7.0	3.0	80.0	-54.5676	673467.0	975.0	0.0	37.0	4.0	37.0	1.0	0.0	0.0	10	vertical	1
103.699584	7.0	3.0	80.0	-54.1818	682380.0	975.0	0.0	44.0	1.0	44.0	1.0	0.0	0.0	10	vertical	1
103.801811	7.0	3.0	80.0	-54.4681	726419.0	975.0	0.0	47.0	4.0	44.0	1.0	0.0	0.0	10	vertical	1
103.903568	7.0	3.0	80.0	-53.9565	714251.0	975.0	0.0	46.0	3.0	44.0	1.0	0.0	0.0	10	vertical	1
104.004650	5.20833	3.0	80.0	-52.125	750281.0	800.312	0.0	48.0	4.0	44.0	0.0	0.0	0.0	10	vertical	1
104.104831	5.64516	2.96774	80.0	-52.7097	488918.0	833.097	0.0	31.0	0.0	44.0	4.0	0.0	0.0	10	vertical	1
104.206791	7.0	3.0	80.0	-55.186	666338.0	975.0	0.0	43.0	3.0	43.0	3.0	0.0	0.0	10	vertical	1
104.308402	7.0	3.0	80.0	-55.7111	699731.0	975.0	0.0	45.0	2.0	44.0	2.0	0.0	0.0	10	vertical	1
104.408505	7.0	3.0	80.0	-54.973	583996.0	975.0	0.0	37.0	4.0	43.0	10.0	0.0	0.0	10	vertical	1
104.509644	7.0	3.0	80.0	-53.5294	265576.0	975.0	0.0	17.0	0.0	44.0	7.0	0.0	0.0	10	vertical	1
104.611548	5.43478	3.0	80.0	-51.587	713216.0	822.391	0.0	46.0	4.0	44.0	1.0	0.0	0.0	10	vertical	1
104.711623	5.09302	2.97674	80.0	-51.6744	678889.0	782.0	0.0	43.0	1.0	43.0	1.0	0.0	0.0	10	vertical	1
104.813550	6.31818	3.0	80.0	-53.9091	682058.0	908.523	0.0	44.0	2.0	44.0	2.0	0.0	0.0	10	vertical	1
104.913714	7.0	3.0	80.0	-55.8667	709837.0	975.0	0.0	45.0	2.0	42.0	0.0	0.0	0.0	10	vertical	1
105.015632	7.0	3.0	80.0	-57.1087	713123.0	975.0	0.0	46.0	3.0	44.0	1.0	0.0	0.0	10	vertical	1
105.116512	7.0	3.0	80.0	-57.1556	704798.0	975.0	0.0	45.0	3.0	44.0	2.0	0.0	0.0	10	vertical	1
105.218652	7.0	3.0	80.0	-56.359	603289.0	975.0	0.0	39.0	7.0	44.0	9.0	0.0	0.0	10	vertical	1
105.318661	7.0	3.0	80.0	-56.3947	600345.0	975.0	0.0	38.0	3.0	44.0	7.0	0.0	0.0	10	vertical	1
105.418814	7.0	3.0	80.0	-55.4333	473279.0	975.0	0.0	30.0	3.0	42.0	7.0	0.0	0.0	10	vertical	1
105.520648	7.0	3.0	80.0	-54.5957	729223.0	975.0	0.0	47.0	3.0	44.0	0.0	0.0	0.0	10	vertical	1
105.622557	7.0	3.0	80.0	-54.4043	728690.0	975.0	0.0	47.0	6.0	44.0	3.0	0.0	0.0	10	vertical	1
105.723944	6.5	3.0	80.0	-55.3654	810361.0	926.25	0.0	52.0	13.0	44.0	5.0	0.0	0.0	10	vertical	1
105.825594	5.0	3.0	80.0	-53.5814	668373.0	780.0	0.0	43.0	0.0	44.0	1.0	0.0	0.0	10	vertical	1
105.925632	5.90476	3.0	80.0	-54.4286	663348.0	868.214	0.0	42.0	1.0	43.0	1.0	0.0	0.0	10	vertical	1
106.027511	7.0	3.0	80.0	-55.5111	697888.0	975.0	0.0	45.0	1.0	44.0	1.0	0.0	0.0	10	vertical	1
106.127548	7.0	3.0	80.0	-54.6939	773912.0	975.0	0.0	49.0	7.0	43.0	1.0	0.0	0.0	10	vertical	1
106.228639	7.0	3.0	80.0	-54.413	718951.0	975.0	0.0	46.0	4.0	45.0	0.0	0.0	0.0	10	vertical	1
106.328663	7.0	3.0	80.0	-54.3913	726626.0	975.0	0.0	46.0	4.0	43.0	2.0	0.0	0.0	10	vertical	1
106.430478	7.0	3.0	80.0	-54.4565	713847.0	975.0	0.0	46.0	3.0	43.0	1.0	0.0	0.0	10	vertical	1
106.530612	7.0	3.0	80.0	-54.3478	725830.0	975.0	0.0	46.0	4.0	43.0	1.0	0.0	0.0	10	vertical	1
106.632651	7.0	3.0	80.0	-54.6087	712276.0	975.0	0.0	46.0	2.0	44.0	0.0	0.0	0.0	10	vertical	1
106.734555	7.0	3.0	80.0	-54.4565	713219.0	975.0	0.0	46.0	3.0	44.0	1.0	0.0	0.0	10	vertical	1
106.836539	7.0	3.0	80.0	-54.5435	712661.0	975.0	0.0	46.0	4.0	44.0	2.0	0.0	0.0	10	vertical	1
106.937504	7.0	3.0	80.0	-54.3556	704205.0	975.0	0.0	45.0	2.0	44.0	1.0	0.0	0.0	10	vertical	1
107.037510	7.0	3.0	80.0	-54.4773	695161.0	975.0	0.0	44.0	2.0	43.0	1.0	0.0	0.0	10	vertical	1
107.137695	7.0	3.0	80.0	-54.4565	725457.0	975.0	0.0	46.0	5.0	43.0	2.0	0.0	0.0	10	vertical	1
107.239512	7.0	3.0	80.0	-54.1837	760381.0	975.0	0.0	49.0	6.0	44.0	1.0	0.0	0.0	10	vertical	1
107.341905	7.0	3.0	80.0	-54.3043	709817.0	975.0	0.0	46.0	3.0	44.0	1.0	0.0	0.0	10	vertical	1
107.443796	7.0	3.0	80.0	-54.5208	744319.0	975.0	25.0	48.0	6.0	44.0	1.0	0.0	0.0	10	vertical	1
107.545688	7.0	3.0	80.0	-54.3878	759824.0	975.0	0.0	49.0	5.0	44.0	0.0	0.0	0.0	10	vertical	1
107.646815	7.0	3.0	80.0	-54.62	781201.0	975.0	0.0	50.0	7.0	44.0	1.0	0.0	0.0	10	vertical	1
107.748512	7.0	3.0	80.0	-54.5319	730207.0	975.0	0.0	47.0	5.0	44.0	2.0	0.0	0.0	10	vertical	1
107.848577	7.0	3.0	80.0	-54.3261	726327.0	975.0	0.0	46.0	4.0	43.0	1.0	0.0	0.0	10	vertical	1
107.950519	7.0	3.0	80.0	-54.3617	728454.0	975.0	0.0	47.0	6.0	44.0	3.0	0.0	0.0	10	vertical	1
108.055733	7.0	3.0	80.0	-54.2857	645101.0	975.0	0.0	42.0	1.0	42.0	1.0	0.0	0.0	10	vertical	1
108.156493	7.0	3.0	80.0	-54.3696	736344.0	975.0	0.0	46.0	2.0	45.0	1.0	0.0	0.0	10	vertical	1
108.256597	7.0	3.0	80.0	-54.5349	678697.0	975.0	0.0	43.0	4.0	43.0	4.0	0.0	0.0	10	vertical	1
108.358481	7.0	3.0	80.0	-54.4222	697851.0	975.0	0.0	45.0	5.0	44.0	3.0	0.0	0.0	10	vertical	1
108.459860	7.0	3.0	80.0	-54.3617	732501.0	975.0	0.0	47.0	3.0	44.0	0.0	0.0	0.0	10	vertical	1
108.562518	7.0	3.0	80.0	-54.3043	707979.0	975.0	0.0	46.0	3.0	44.0	1.0	0.0	0.0	10	vertical	1
108.664557	7.0	3.0	80.0	-54.5625	743247.0	975.0	0.0	48.0	6.0	44.0	2.0	0.0	0.0	10	vertical	1
108.765928	7.0	3.0	80.0	-54.25	748140.0	975.0	0.0	48.0	5.0	44.0	1.0	0.0	0.0	10	vertical	1
108.867671	7.0	3.0	80.0	-54.6222	698824.0	975.0	0.0	45.0	2.0	44.0	1.0	0.0	0.0	10	vertical	1
108.969481	7.0	3.0	80.0	-54.4	698358.0	975.0	8.0	45.0	2.0	44.0	1.0	0.0	0.0	10	vertical	1
109.069689	7.0	3.0	80.0	-54.5682	693754.0	975.0	0.0	44.0	2.0	43.0	1.0	0.0	0.0	10	vertical	1
109.169779	7.0	3.0	80.0	-54.4286	773507.0	975.0	0.0	49.0	7.0	44.0	1.0	0.0	0.0	10	vertical	1
109.271591	7.0	3.0	80.0	-54.2766	729386.0	975.0	0.0	47.0	6.0	43.0	3.0	0.0	0.0	10	vertical	1
109.372427	7.0	3.0	80.0	-54.3478	720773.0	975.0	0.0	46.0	2.0	44.0	0.0	0.0	0.0	10	vertical	1
109.472641	7.0	3.0	80.0	-54.413	725244.0	975.0	0.0	46.0	4.0	43.0	1.0	0.0	0.0	10	vertical	1
109.574472	7.0	3.0	80.0	-54.4783	713732.0	975.0	0.0	46.0	3.0	44.0	1.0	0.0	0.0	10	vertical	1
109.674694	7.0	3.0	80.0	-54.4	709430.0	975.0	0.0	45.0	2.0	43.0	0.0	0.0	0.0	10	vertical	1
109.776604	7.0	3.0	80.0	-54.3778	697673.0	975.0	0.0	45.0	3.0	44.0	2.0	0.0	0.0	10	vertical	1
109.877512	7.0	3.0	80.0	-54.4186	673284.0	975.0	0.0	43.0	1.0	44.0	2.0	0.0	0.0	10	vertical	1
109.977593	7.0	3.0	80.0	-54.3478	726212.0	975.0	0.0	46.0	3.0	43.0	0.0	0.0	0.0	10	vertical	1
110.077631	7.0	3.0	80.0	-54.5476	663350.0	975.0	0.0	42.0	1.0	43.0	2.0	0.0	0.0	10	vertical	1
110.179554	7.0	3.0	80.0	-54.3111	697587.0	975.0	0.0	45.0	2.0	44.0	1.0	0.0	0.0	10	vertical	1
110.281618	7.0	3.0	80.0	-54.3191	727576.0	975.0	0.0	47.0	3.0	44.0	0.0	0.0	0.0	10	vertical	1
110.383586	7.0	3.0	80.0	-54.3256	681141.0	975.0	0.0	43.0	1.0	43.0	1.0	0.0	0.0	10	vertical	1
110.485633	7.0	3.0	80.0	-54.4894	727698.0	975.0	0.0	47.0	5.0	44.0	2.0	0.0	0.0	10	vertical	1
110.586505	7.0	3.0	80.0	-54.5106	736185.0	975.0	0.0	47.0	3.0	44.0	0.0	0.0	0.0	10	vertical	1
110.686538	7.0	3.0	80.0	-54.5349	679176.0	975.0	0.0	43.0	1.0	44.0	1.0	0.0	0.0	10	vertical	1
110.786542	7.0	3.0	80.0	-54.3556	710967.0	975.0	0.0	45.0	5.0	42.0	3.0	0.0	0.0	10	vertical	1
110.888514	7.0	3.0	80.0	-54.3261	712748.0	975.0	0.0	46.0	3.0	44.0	1.0	0.0	0.0	10	vertical	1
110.990590	7.0	3.0	80.0	-54.2609	697831.0	975.0	0.0	46.0	2.0	45.0	1.0	0.0	0.0	10	vertical	1
111.092610	7.0	3.0	80.0	-54.6136	681439.0	975.0	0.0	44.0	2.0	44.0	2.0	0.0	0.0	10	vertical	1
111.193673	7.0	3.0	80.0	-54.5217	719153.0	975.0	0.0	46.0	2.0	44.0	0.0	0.0	0.0	10	vertical	1
111.295534	7.0	3.0	80.0	-54.2041	760057.0	975.0	0.0	49.0	6.0	44.0	1.0	0.0	0.0	10	vertical	1
111.397538	7.0	3.0	80.0	-54.4667	697029.0	975.0	0.0	45.0	2.0	44.0	1.0	0.0	0.0	10	vertical	1
111.498497	7.0	3.0	80.0	-54.4583	751198.0	975.0	0.0	48.0	7.0	43.0	1.0	0.0	0.0	10	vertical	1
111.599451	7.0	3.0	80.0	-54.4667	704277.0	975.0	0.0	45.0	1.0	44.0	1.0	0.0	0.0	10	vertical	1
111.699559	7.0	3.0	80.0	-54.3256	678668.0	975.0	0.0	43.0	3.0	43.0	3.0	0.0	0.0	10	vertical	1
111.800600	7.0	3.0	80.0	-54.5532	734950.0	975.0	0.0	47.0	4.0	44.0	1.0	0.0	0.0	10	vertical	1
111.902566	7.0	3.0	80.0	-54.6	697294.0	975.0	0.0	45.0	1.0	44.0	0.0	0.0	0.0	10	vertical	1
112.004498	7.0	3.0	80.0	-54.3182	682020.0	975.0	0.0	44.0	2.0	44.0	2.0	0.0	0.0	10	vertical	1
112.104636	7.0	3.0	80.0	-54.5714	662683.0	975.0	0.0	42.0	1.0	43.0	2.0	0.0	0.0	10	vertical	1
112.206543	7.0	3.0	80.0	-54.4545	682193.0	975.0	0.0	44.0	0.0	44.0	0.0	0.0	0.0	10	vertical	1
112.308712	7.0	3.0	80.0	-54.234	726839.0	975.0	0.0	47.0	4.0	44.0	1.0	0.0	0.0	10	vertical	1
112.410559	7.0	3.0	80.0	-54.4565	713619.0	975.0	0.0	46.0	3.0	44.0	1.0	0.0	0.0	10	vertical	1
112.512690	7.0	3.0	80.0	-54.4	696159.0	975.0	0.0	45.0	2.0	44.0	1.0	0.0	0.0	10	vertical	1
112.614553	7.0	3.0	80.0	-54.5455	682487.0	975.0	0.0	44.0	2.0	44.0	2.0	0.0	0.0	10	vertical	1
112.716741	7.0	3.0	80.0	-54.1957	711236.0	975.0	0.0	46.0	5.0	44.0	3.0	0.0	0.0	10	vertical	1
112.818451	7.0	3.0	80.0	-54.3404	730117.0	975.0	0.0	47.0	3.0	44.0	0.0	0.0	0.0	10	vertical	1
112.919646	7.0	3.0	80.0	-54.2745	796285.0	975.0	0.0	51.0	8.0	44.0	1.0	0.0	0.0	10	vertical	1
113.021630	7.0	3.0	80.0	-54.1628	666182.0	975.0	0.0	43.0	3.0	44.0	4.0	0.0	0.0	10	vertical	1
113.121657	7.0	3.0	80.0	-54.6	710812.0	975.0	0.0	45.0	2.0	43.0	0.0	0.0	0.0	10	vertical	1
113.221661	7.0	3.0	80.0	-54.4545	695172.0	975.0	0.0	44.0	2.0	43.0	1.0	0.0	0.0	10	vertical	1
113.323431	7.0	3.0	80.0	-54.5106	729682.0	975.0	0.0	47.0	4.0	44.0	1.0	0.0	0.0	10	vertical	1
113.425955	7.0	3.0	80.0	-54.383	724318.0	975.0	0.0	47.0	3.0	44.0	0.0	0.0	0.0	10	vertical	1
113.527548	7.0	3.0	80.0	-54.375	746512.0	975.0	0.0	48.0	5.0	44.0	1.0	0.0	0.0	10	vertical	1
113.628603	7.0	3.0	80.0	-54.2609	719209.0	975.0	0.0	46.0	3.0	44.0	1.0	0.0	0.0	10	vertical	1
113.730514	7.0	3.0	80.0	-54.3696	713174.0	975.0	0.0	46.0	2.0	44.0	0.0	0.0	0.0	10	vertical	1
113.830756	7.0	3.0	80.0	-54.3864	693519.0	975.0	0.0	44.0	3.0	44.0	2.0	0.0	0.0	10	vertical	1
113.932822	7.0	3.0	80.0	-54.6042	743049.0	975.0	0.0	48.0	5.0	43.0	1.0	0.0	0.0	10	vertical	1
114.034565	7.0	3.0	80.0	-54.3333	745409.0	975.0	0.0	48.0	4.0	44.0	0.0	0.0	0.0	10	vertical	1
114.136556	7.0	3.0	80.0	-54.5556	697114.0	975.0	0.0	45.0	2.0	44.0	1.0	0.0	0.0	10	vertical	1
114.238495	7.0	3.0	80.0	-54.5	712975.0	975.0	0.0	46.0	3.0	44.0	1.0	0.0	0.0	10	vertical	1
114.340540	7.0	3.0	80.0	-54.5227	681272.0	975.0	0.0	44.0	0.0	44.0	0.0	0.0	0.0	10	vertical	1
114.442511	7.0	3.0	80.0	-54.5217	712748.0	975.0	0.0	46.0	4.0	43.0	2.0	0.0	0.0	10	vertical	1
114.544645	7.0	3.0	80.0	-54.2826	711616.0	975.0	0.0	46.0	3.0	44.0	1.0	0.0	0.0	10	vertical	1
114.645564	7.0	3.0	80.0	-54.2708	751494.0	975.0	0.0	48.0	6.0	44.0	2.0	0.0	0.0	10	vertical	1
114.745823	7.0	3.0	80.0	-54.3913	724927.0	975.0	0.0	46.0	4.0	43.0	1.0	0.0	0.0	10	vertical	1
114.847537	5.58333	3.0	80.0	-52.7917	745615.0	836.875	0.0	48.0	4.0	44.0	0.0	0.0	0.0	10	vertical	1
114.947642	6.95349	3.0	80.0	-54.4884	678687.0	970.465	0.0	43.0	2.0	43.0	2.0	0.0	0.0	10	vertical	1
115.049554	7.0	3.0	80.0	-54.5227	682158.0	975.0	0.0	44.0	3.0	44.0	3.0	0.0	0.0	10	vertical	1
115.151450	7.0	3.0	80.0	-54.2444	697769.0	975.0	0.0	45.0	1.0	44.0	0.0	0.0	0.0	10	vertical	1
115.252758	7.0	3.0	80.0	-54.2979	733013.0	975.0	0.0	47.0	4.0	44.0	1.0	0.0	0.0	10	vertical	1
115.354426	7.0	3.0	80.0	-54.3542	745958.0	975.0	0.0	48.0	5.0	44.0	1.0	0.0	0.0	10	vertical	1
115.454509	7.0	3.0	80.0	-54.3023	678836.0	975.0	0.0	43.0	1.0	43.0	1.0	0.0	0.0	10	vertical	1
115.554621	7.0	3.0	80.0	-54.413	725991.0	975.0	0.0	46.0	4.0	43.0	1.0	0.0	0.0	10	vertical	1
115.656503	7.0	3.0	80.0	-54.3182	682359.0	975.0	0.0	44.0	2.0	44.0	2.0	0.0	0.0	10	vertical	1
115.757525	7.0	3.0	80.0	-54.6591	688164.0	975.0	0.0	44.0	1.0	44.0	1.0	0.0	0.0	10	vertical	1
115.857543	7.0	3.0	80.0	-54.4318	694954.0	975.0	0.0	44.0	3.0	43.0	2.0	0.0	0.0	10	vertical	1
115.957648	7.0	3.0	80.0	-54.46	789174.0	975.0	0.0	50.0	8.0	43.0	1.0	0.0	0.0	10	vertical	1
116.059609	7.0	3.0	80.0	-54.4667	697323.0	975.0	0.0	45.0	1.0	44.0	0.0	0.0	0.0	10	vertical	1
116.161652	7.0	3.0	80.0	-54.4348	712251.0	975.0	0.0	46.0	3.0	44.0	1.0	0.0	0.0	10	vertical	1
116.264410	7.0	3.0	80.0	-54.48	768795.0	975.0	0.0	50.0	7.0	44.0	1.0	0.0	0.0	10	vertical	1
116.365700	7.0	3.0	80.0	-54.1633	764341.0	975.0	0.0	49.0	5.0	44.0	0.0	0.0	0.0	10	vertical	1
116.467782	7.0	3.0	80.0	-54.3478	711973.0	975.0	0.0	46.0	3.0	44.0	1.0	0.0	0.0	10	vertical	1
116.568656	7.0	3.0	80.0	-54.413	720503.0	975.0	0.0	46.0	3.0	44.0	1.0	0.0	0.0	10	vertical	1
116.670447	7.0	3.0	80.0	-54.4082	760579.0	975.0	0.0	49.0	5.0	44.0	0.0	0.0	0.0	10	vertical	1
116.770562	7.0	3.0	80.0	-54.5	725964.0	975.0	0.0	46.0	4.0	43.0	1.0	0.0	0.0	10	vertical	1
116.870605	7.0	3.0	80.0	-54.475	751875.0	975.0	0.0	40.0	7.0	36.0	2.0	0.0	0.0	10	vertical	1
116.972597	7.0	3.0	80.0	-54.4	697115.0	975.0	0.0	45.0	1.0	43.0	0.0	0.0	0.0	10	vertical	1
117.074716	7.0	3.0	80.0	-54.5111	711076.0	975.0	0.0	45.0	3.0	43.0	1.0	0.0	0.0	10	vertical	1
117.175730	6.58333	3.0	80.0	-54.125	750786.0	934.375	0.0	48.0	7.0	44.0	3.0	0.0	0.0	10	vertical	1
117.277549	5.0	3.0	80.0	-52.2955	682780.0	780.0	0.0	44.0	0.0	44.0	0.0	0.0	0.0	10	vertical	1
117.379659	5.68293	3.0	80.0	-53.0732	634416.0	846.585	0.0	41.0	1.0	44.0	3.0	0.0	0.0	10	vertical	1
117.481476	7.0	3.0	80.0	-54.4783	713829.0	975.0	0.0	46.0	5.0	44.0	2.0	0.0	0.0	10	vertical	1
117.581568	7.0	3.0	80.0	-54.2174	726129.0	975.0	3.0	46.0	7.0	43.0	3.0	0.0	0.0	10	vertical	1
117.681658	7.0	3.0	80.0	-54.3333	710360.0	975.0	0.0	45.0	4.0	43.0	2.0	0.0	0.0	10	vertical	1
117.782563	7.0	3.0	80.0	-54.3556	704625.0	975.0	0.0	45.0	4.0	44.0	3.0	0.0	0.0	10	vertical	1
117.882595	7.0	3.0	80.0	-54.1951	647595.0	975.0	0.0	41.0	2.0	44.0	3.0	0.0	0.0	10	vertical	1
117.982595	7.0	3.0	80.0	-54.1795	616198.0	975.0	0.0	39.0	5.0	42.0	6.0	0.0	0.0	10	vertical	1
118.084489	7.0	3.0	80.0	-54.2979	728798.0	975.0	0.0	47.0	4.0	44.0	1.0	0.0	0.0	10	vertical	1
118.186553	7.0	3.0	80.0	-54.8085	727581.0	975.0	0.0	47.0	4.0	44.0	1.0	0.0	0.0	10	vertical	1
118.288438	7.0	3.0	80.0	-54.8043	713356.0	975.0	0.0	46.0	4.0	44.0	2.0	0.0	0.0	10	vertical	1
118.389531	7.0	3.0	80.0	-54.1818	687685.0	975.0	0.0	44.0	4.0	44.0	4.0	0.0	0.0	10	vertical	1
118.491419	7.0	3.0	80.0	-54.6	697824.0	975.0	0.0	45.0	3.0	44.0	2.0	0.0	0.0	10	vertical	1
118.591779	7.0	3.0	80.0	-54.2222	708445.0	975.0	0.0	45.0	6.0	43.0	3.0	0.0	0.0	10	vertical	1
118.693678	7.0	3.0	80.0	-54.4839	480673.0	975.0	0.0	31.0	1.0	44.0	9.0	0.0	0.0	10	vertical	1
118.795567	7.0	3.0	80.0	-54.6	620284.0	975.0	0.0	40.0	3.0	44.0	7.0	0.0	0.0	10	vertical	1
118.895688	7.0	3.0	80.0	-54.7381	662797.0	975.0	0.0	42.0	2.0	43.0	3.0	0.0	0.0	10	vertical	1
118.996498	7.0	3.0	80.0	-54.7045	689616.0	975.0	0.0	44.0	0.0	44.0	0.0	0.0	0.0	10	vertical	1
119.096649	7.0	3.0	80.0	-55.119	662601.0	975.0	0.0	42.0	4.0	43.0	5.0	0.0	0.0	10	vertical	1
119.196762	7.0	3.0	80.0	-54.7143	662846.0	975.0	0.0	42.0	2.0	43.0	3.0	0.0	0.0	10	vertical	1
119.298713	7.0	3.0	80.0	-54.973	573414.0	975.0	13.0	37.0	1.0	44.0	7.0	128.0	0.0	10	vertical	1
119.399933	7.0	3.0	80.0	-54.3056	561943.0	975.0	0.0	36.0	1.0	44.0	5.0	0.0	0.0	10	vertical	1
119.501516	7.0	3.0	80.0	-54.6531	762141.0	975.0	0.0	49.0	7.0	44.0	1.0	0.0	0.0	10	vertical	1
119.601523	7.0	3.0	80.0	-54.5405	584560.0	975.0	0.0	37.0	1.0	43.0	4.0	0.0	0.0	10	vertical	1
119.701599	7.0	3.0	80.0	-54.4898	773610.0	975.0	0.0	49.0	9.0	43.0	5.0	0.0	0.0	10	vertical	1
119.805031	7.0	3.0	80.0	-54.9333	687410.0	975.0	0.0	45.0	5.0	44.0	4.0	0.0	0.0	10	vertical	1
119.905681	7.0	3.0	80.0	-55.0444	706403.0	975.0	0.0	45.0	4.0	44.0	3.0	0.0	0.0	10	vertical	1
120.007562	7.0	3.0	80.0	-54.5909	682363.0	975.0	0.0	44.0	2.0	43.0	2.0	0.0	0.0	10	vertical	1
120.109618	7.0	3.0	80.0	-54.3571	650234.0	975.0	0.0	42.0	2.0	45.0	3.0	0.0	0.0	10	vertical	1
120.210488	7.0	3.0	80.0	-54.5833	751857.0	975.0	0.0	48.0	6.0	44.0	2.0	0.0	0.0	10	vertical	1
120.310822	7.0	3.0	80.0	-54.4091	692885.0	975.0	0.0	44.0	4.0	43.0	3.0	0.0	0.0	10	vertical	1
120.413277	7.0	3.0	80.0	-54.2558	663121.0	975.0	0.0	43.0	4.0	44.0	4.0	0.0	0.0	10	vertical	1
120.514520	7.0	3.0	80.0	-54.3182	686664.0	975.0	0.0	44.0	2.0	45.0	1.0	0.0	0.0	10	vertical	1
120.616448	7.0	3.0	80.0	-54.4286	759560.0	975.0	0.0	49.0	8.0	43.0	3.0	0.0	0.0	10	vertical	1
120.716579	7.0	3.0	80.0	-54.2727	694288.0	975.0	0.0	44.0	5.0	43.0	4.0	0.0	0.0	10	vertical	1
120.817456	7.0	3.0	80.0	-54.4615	814457.0	975.0	0.0	52.0	8.0	44.0	0.0	0.0	0.0	10	vertical	1
120.917500	7.0	3.0	80.0	-54.3415	647515.0	975.0	0.0	41.0	2.0	43.0	4.0	0.0	0.0	10	vertical	1
121.017793	7.0	3.0	80.0	-54.4048	661663.0	975.0	0.0	42.0	3.0	43.0	3.0	0.0	0.0	10	vertical	1
121.119496	7.0	3.0	80.0	-54.2391	714633.0	975.0	0.0	46.0	5.0	44.0	2.0	0.0	0.0	10	vertical	1
121.221679	7.0	3.0	80.0	-54.3913	711270.0	975.0	0.0	46.0	5.0	44.0	3.0	0.0	0.0	10	vertical	1
121.323620	7.0	3.0	80.0	-54.1915	728460.0	975.0	28.0	47.0	6.0	44.0	3.0	0.0	0.0	10	vertical	1
121.424505	7.0	3.0	80.0	-54.5333	704761.0	975.0	0.0	45.0	6.0	44.0	5.0	0.0	0.0	10	vertical	1
121.524596	7.0	3.0	80.0	-54.3333	710356.0	975.0	0.0	45.0	7.0	44.0	4.0	0.0	0.0	10	vertical	1
121.624716	7.0	3.0	80.0	-54.4048	662804.0	975.0	0.0	42.0	3.0	42.0	5.0	0.0	0.0	10	vertical	1
121.726607	7.0	3.0	80.0	-54.3636	682298.0	975.0	0.0	44.0	2.0	44.0	2.0	0.0	0.0	10	vertical	1
121.828050	7.0	3.0	80.0	-54.5122	638588.0	975.0	0.0	41.0	3.0	44.0	5.0	0.0	0.0	10	vertical	1
121.929611	7.0	3.0	80.0	-54.1522	715630.0	975.0	0.0	46.0	4.0	44.0	2.0	0.0	0.0	10	vertical	1
122.029616	7.0	3.0	80.0	-54.5128	616168.0	975.0	0.0	39.0	2.0	44.0	5.0	0.0	0.0	10	vertical	1
122.129652	7.0	3.0	80.0	-54.3659	647564.0	975.0	0.0	41.0	5.0	43.0	6.0	0.0	0.0	10	vertical	1
122.231722	7.0	3.0	80.0	-54.8261	712062.0	975.0	0.0	46.0	7.0	43.0	4.0	0.0	0.0	10	vertical	1
122.333955	7.0	3.0	80.0	-55.3696	710923.0	975.0	0.0	46.0	3.0	44.0	1.0	0.0	0.0	10	vertical	1
122.435976	7.0	3.0	80.0	-55.561	634966.0	975.0	0.0	41.0	3.0	44.0	5.0	0.0	0.0	10	vertical	1
122.537591	7.0	3.0	80.0	-55.3095	653053.0	975.0	0.0	42.0	3.0	44.0	5.0	0.0	0.0	10	vertical	1
122.638599	7.0	3.0	80.0	-55.4222	703909.0	975.0	0.0	45.0	5.0	44.0	4.0	0.0	0.0	10	vertical	1
122.740505	7.0	3.0	80.0	-55.4286	651189.0	975.0	0.0	42.0	2.0	44.0	4.0	0.0	0.0	10	vertical	1
122.842483	7.0	3.0	80.0	-55.3182	681713.0	975.0	0.0	44.0	3.0	44.0	3.0	0.0	0.0	10	vertical	1
122.942542	7.0	3.0	80.0	-55.4186	678999.0	975.0	0.0	43.0	4.0	43.0	4.0	0.0	0.0	10	vertical	1
123.044664	7.0	3.0	80.0	-55.4444	762873.0	975.0	0.0	36.0	5.0	36.0	4.0	0.0	0.0	10	vertical	1
123.146546	6.64706	3.0	80.0	-54.8824	790914.0	940.588	0.0	51.0	9.0	44.0	2.0	0.0	0.0	10	vertical	1
123.248557	5.0	3.0	80.0	-53.3409	681498.0	780.0	0.0	44.0	0.0	44.0	0.0	0.0	0.0	10	vertical	1
123.350908	6.0	2.97619	80.0	-54.5714	648354.0	870.262	0.0	42.0	2.0	45.0	3.0	0.0	0.0	10	vertical	1
123.452406	7.0	3.0	80.0	-55.4783	716077.0	975.0	0.0	46.0	4.0	43.0	3.0	0.0	0.0	10	vertical	1
123.554615	7.0	3.0	80.0	-55.3556	695633.0	975.0	0.0	45.0	5.0	44.0	4.0	0.0	0.0	10	vertical	1
123.656561	7.0	3.0	80.0	-55.18	774916.0	975.0	0.0	50.0	9.0	44.0	3.0	0.0	0.0	10	vertical	1
123.757895	7.0	3.0	80.0	-55.4889	701641.0	975.0	0.0	45.0	4.0	44.0	2.0	0.0	0.0	10	vertical	1
123.859458	7.0	3.0	80.0	-55.4286	762286.0	975.0	0.0	49.0	9.0	44.0	3.0	0.0	0.0	10	vertical	1
123.959707	7.0	3.0	80.0	-55.3913	724997.0	975.0	0.0	46.0	6.0	43.0	2.0	0.0	0.0	10	vertical	1
124.061867	7.0	3.0	80.0	-55.2273	680497.0	975.0	0.0	44.0	4.0	44.0	4.0	0.0	0.0	10	vertical	1
124.163448	7.0	3.0	80.0	-55.3043	715491.0	975.0	0.0	46.0	5.0	43.0	4.0	0.0	0.0	10	vertical	1
124.263631	7.0	3.0	80.0	-55.3333	804325.0	975.0	0.0	51.0	11.0	43.0	3.0	0.0	0.0	10	vertical	1
124.364484	7.0	3.0	80.0	-55.2683	642326.0	975.0	0.0	41.0	2.0	44.0	5.0	0.0	0.0	10	vertical	1
124.464522	5.86364	3.0	80.0	-54.0909	694936.0	864.205	0.0	44.0	3.0	44.0	1.0	0.0	0.0	10	vertical	1
124.564585	7.0	3.0	80.0	-55.3415	647388.0	975.0	0.0	41.0	5.0	42.0	6.0	0.0	0.0	10	vertical	1
124.666481	7.0	3.0	80.0	-55.3542	744291.0	975.0	0.0	48.0	8.0	44.0	4.0	0.0	0.0	10	vertical	1
124.768586	7.0	3.0	80.0	-55.3636	668417.0	975.0	0.0	44.0	2.0	45.0	3.0	0.0	0.0	10	vertical	1
124.869467	7.0	3.0	80.0	-55.4	704793.0	975.0	0.0	45.0	5.0	44.0	3.0	0.0	0.0	10	vertical	1
124.969521	7.0	3.0	80.0	-55.3111	710619.0	975.0	0.0	45.0	6.0	43.0	4.0	0.0	0.0	10	vertical	1
125.069867	7.0	3.0	80.0	-55.4314	803016.0	975.0	0.0	51.0	10.0	43.0	2.0	0.0	0.0	10	vertical	1
125.171464	7.0	3.0	80.0	-55.1765	793134.0	975.0	0.0	51.0	9.0	44.0	2.0	0.0	0.0	10	vertical	1
125.273603	7.0	3.0	80.0	-55.1957	711580.0	975.0	0.0	46.0	5.0	45.0	2.0	0.0	0.0	10	vertical	1
125.375498	7.0	3.0	80.0	-55.375	744298.0	975.0	0.0	48.0	5.0	43.0	2.0	0.0	0.0	10	vertical	1
125.477584	7.0	3.0	80.0	-55.4545	680997.0	975.0	0.0	44.0	4.0	44.0	3.0	0.0	0.0	10	vertical	1
125.578438	7.0	3.0	80.0	-55.4884	673642.0	975.0	0.0	43.0	3.0	44.0	4.0	0.0	0.0	10	vertical	1
125.678492	7.0	3.0	80.0	-55.2955	694825.0	975.0	0.0	44.0	3.0	43.0	2.0	0.0	0.0	10	vertical	1
125.778528	7.0	3.0	80.0	-55.2619	663360.0	975.0	0.0	42.0	4.0	42.0	3.0	0.0	0.0	10	vertical	1
125.880988	7.0	3.0	80.0	-55.2683	632250.0	975.0	0.0	41.0	2.0	45.0	4.0	0.0	0.0	10	vertical	1
125.982566	7.0	3.0	80.0	-55.3488	668847.0	975.0	0.0	43.0	1.0	44.0	2.0	0.0	0.0	10	vertical	1
126.084492	7.0	3.0	80.0	-55.4318	682059.0	975.0	0.0	44.0	5.0	44.0	4.0	0.0	0.0	10	vertical	1
126.185682	7.0	3.0	80.0	-55.4	702642.0	975.0	0.0	45.0	5.0	44.0	4.0	0.0	0.0	10	vertical	1
126.287223	7.0	3.0	80.0	-55.2558	669091.0	975.0	0.0	43.0	3.0	43.0	3.0	0.0	0.0	10	vertical	1
126.387551	7.0	3.0	80.0	-55.3864	692921.0	975.0	0.0	44.0	2.0	44.0	2.0	0.0	0.0	10	vertical	1
126.487584	7.0	3.0	80.0	-55.5349	679178.0	975.0	0.0	43.0	5.0	43.0	4.0	0.0	0.0	10	vertical	1
126.589711	7.0	3.0	80.0	-55.2381	649783.0	975.0	0.0	42.0	3.0	44.0	3.0	0.0	0.0	10	vertical	1
126.691546	7.0	3.0	80.0	-55.3061	760249.0	975.0	0.0	49.0	5.0	44.0	1.0	0.0	0.0	10	vertical	1
126.792644	7.0	3.0	80.0	-55.3617	734535.0	975.0	0.0	47.0	8.0	44.0	5.0	0.0	0.0	10	vertical	1
126.894419	7.0	3.0	80.0	-55.3469	760698.0	975.0	0.0	49.0	6.0	44.0	1.0	0.0	0.0	10	vertical	1
126.994605	7.0	3.0	80.0	-55.2955	693904.0	975.0	0.0	44.0	2.0	43.0	1.0	0.0	0.0	10	vertical	1
127.134477	7.0	3.0	80.0	-55.48	244316.0	975.0	0.0	25.0	5.0	23.0	3.0	0.0	0.0	10	vertical	1
127.238783	7.0	3.0	80.0	-54.5	4582.67	975.0	0.0	2.0	0.0	3.0	0.0	0.0	0.0	10	vertical	1
##	50475.0	48534.0	1.039993											10	vertical	1
